   1            "b" 2181  7795.504883 4815.240234 4488.907227
   2            "d" 2432  7706.089355 4243.890625 4709.216797
   3            "f" 2215  7453.762207 9730.893555 6600.461914
   4            "g" 1191  4040.296143 2635.201660 3441.587402
   5            "k" 3794  14670.399414 10994.628906 12640.819336
   6            "l" 4425  12609.798828 10843.655273 11260.001953
   7            "m" 3566  9153.864258 10416.594727 8748.059570
   8            "n" 6896  14335.032227 13767.761719 15846.781250
   9            "p" 2588  12451.257812 6599.544434 7447.981934
  10            "r" 4681  9681.412109 9631.348633 10719.280273
  11            "s" 6176  25854.142578 31727.285156 17693.015625
  12            "t" 3948  13770.810547 10138.153320 11108.643555
  13            "v" 1994  4164.900879 4658.883789 4678.935547
  14            "w" 2216  6496.136230 6403.940430 5951.028320
  15            "y"  995  2847.079102 2606.614746 2850.729980
  16            "z" 3682  13228.929688 13737.784180 10485.269531
  17           "aa" 2256  7285.229980 10709.504883 7916.001465
  18           "ae" 2292  7655.367676 11834.627930 8060.128906
  19           "ah" 2266  5674.623535 6285.513672 4348.590820
  20           "ao" 1865  6195.291992 9609.047852 6606.030762
  21           "aw"  728  3219.073975 4490.051270 3480.653809
  22           "ax" 3892  5957.045898 5060.782715 5168.977051
  23           "ay" 1934  7712.740723 10718.910156 8711.244141
  24           "ch"  820  3233.214355 3668.222900 3617.476318
  25           "cl" 2744  5244.953125 4961.169434 8778.749023
  26           "dh" 2376  5143.084473 4038.748779 4385.249023
  27           "dx" 1864  2816.857666 2890.900879 3107.231201
  28           "eh" 3277  8129.918457 9940.930664 6869.616699
  29           "el"  951  3048.732178 3739.407471 2830.353760
  30           "en"  630  1685.994751 2228.850830 1771.988647
  31           "er" 4138  11834.603516 14724.051758 11128.155273
  32           "ey" 2271  8413.826172 10419.373047 7151.950195
  33           "hh" 1660  4911.443848 4939.780762 3852.900391
  34           "ih" 4248  9060.164062 9990.032227 7911.274902
  35           "ix" 7370  11190.809570 10498.577148 10246.624023
  36           "iy" 4626  12476.050781 18174.710938 12960.426758
  37           "jh" 1013  3638.933105 3438.060303 3982.469727
  38           "ng" 1220  3368.600830 3644.065918 3400.142090
  39           "ow" 1653  5641.287598 7690.541016 5479.290039
  40           "oy"  304  1104.052734 1965.592285 1795.444214
  41           "sh" 1317  5518.003418 7421.938477 4705.270020
  42           "th"  745  2464.647949 2449.863770 2169.049805
  43           "uh"  500  992.296570 1233.674683 830.891052
  44           "uw" 1952  5264.203613 6677.555664 5428.023926
  45           "zh"  149  605.120850 575.001831 528.934143
  46          "epi"  908  1592.872681 1317.856445 1494.426636
  47          "sil" 8283  47444.761719 43853.160156 50169.917969
  48          "vcl" 1672  2947.179443 3042.846436 4349.316406
