   1            "b" 2181  6791.723145 4408.967285 3479.175293
   2            "d" 2432  6768.663086 3743.590576 5032.413086
   3            "f" 2215  6245.644043 10604.995117 7035.535156
   4            "g" 1191  3769.287598 2054.322266 2690.258301
   5            "k" 3794  13210.943359 6869.888672 16402.982422
   6            "l" 4425  12056.194336 9630.498047 8137.662109
   7            "m" 3566  12919.515625 6610.579590 5681.907227
   8            "n" 6896  18642.302734 11885.492188 11254.088867
   9            "p" 2588  8879.846680 7399.743652 10288.233398
  10            "r" 4681  9916.054688 11011.397461 8831.193359
  11            "s" 6176  16604.386719 40825.921875 20247.619141
  12            "t" 3948  11571.924805 6793.450195 16320.629883
  13            "v" 1994  3817.171875 4136.337891 4217.348633
  14            "w" 2216  5752.157227 5530.332520 5423.419922
  15            "y"  995  2029.275269 2576.077393 2476.456055
  16            "z" 3682  10870.067383 15206.029297 11987.405273
  17           "aa" 2256  5672.090820 16303.892578 6600.854492
  18           "ae" 2292  6453.441406 16907.791016 7669.161133
  19           "ah" 2266  8722.139648 5366.012695 4484.012207
  20           "ao" 1865  6294.143555 12071.756836 4716.934570
  21           "aw"  728  2561.498047 5929.188477 2733.169189
  22           "ax" 3892  6222.592285 6264.709473 4885.405273
  23           "ay" 1934  5132.062012 16645.513672 7431.225098
  24           "ch"  820  3614.592285 3843.130859 2681.858643
  25           "cl" 2744  4860.278809 7825.979980 5644.191406
  26           "dh" 2376  4619.685059 3574.713867 3246.498047
  27           "dx" 1864  2297.348145 2679.236084 2216.500244
  28           "eh" 3277  7022.031738 14513.297852 8687.489258
  29           "el"  951  2306.928711 4288.309082 2560.338623
  30           "en"  630  1416.331421 2548.592773 1313.036987
  31           "er" 4138  8416.949219 20598.722656 10500.628906
  32           "ey" 2271  6041.717285 13778.038086 6795.260742
  33           "hh" 1660  5946.741699 2787.823242 2658.100098
  34           "ih" 4248  13380.859375 9122.122070 7471.668457
  35           "ix" 7370  13451.936523 11378.821289 10057.998047
  36           "iy" 4626  10289.142578 19488.263672 11589.518555
  37           "jh" 1013  3079.683350 3711.450684 3427.423340
  38           "ng" 1220  3246.527832 3352.879639 2417.313232
  39           "ow" 1653  6468.408203 8620.801758 4120.503906
  40           "oy"  304  2040.005371 1702.230957 990.469421
  41           "sh" 1317  4468.331055 8531.110352 4560.432617
  42           "th"  745  2368.014404 2920.916016 1656.677856
  43           "uh"  500  1617.530396 920.645081 753.079224
  44           "uw" 1952  4113.908691 8338.554688 4044.150635
  45           "zh"  149  490.431061 549.828796 460.932983
  46          "epi"  908  1669.064087 1415.253052 1548.033569
  47          "sil" 8283  61149.535156 55898.605469 31185.693359
  48          "vcl" 1672  2823.433838 3767.254883 3172.452881
