   1            "b" 2181  7701.064941 4106.221191 3083.715088
   2            "d" 2432  7503.021484 3698.292969 4522.642090
   3            "f" 2215  6995.787109 10398.702148 6051.216797
   4            "g" 1191  3808.392090 2523.031250 2915.856934
   5            "k" 3794  12978.107422 9623.528320 13348.035156
   6            "l" 4425  14030.845703 11178.157227 11285.036133
   7            "m" 3566  10906.351562 8887.646484 6814.979980
   8            "n" 6896  15331.194336 14623.007812 12438.933594
   9            "p" 2588  8587.315430 7239.268555 9087.598633
  10            "r" 4681  10495.514648 10323.978516 10226.876953
  11            "s" 6176  21323.390625 31950.365234 22527.796875
  12            "t" 3948  12095.892578 8525.034180 12845.821289
  13            "v" 1994  4256.874023 3836.742676 4249.409180
  14            "w" 2216  6440.291016 6660.418945 5988.581543
  15            "y"  995  2761.697510 2640.545410 2797.794678
  16            "z" 3682  12832.509766 12197.441406 11638.634766
  17           "aa" 2256  7606.788086 11011.752930 8574.585938
  18           "ae" 2292  9767.237305 11346.225586 7878.467773
  19           "ah" 2266  7261.338379 5953.189453 4735.113281
  20           "ao" 1865  7271.898438 9119.988281 6596.000000
  21           "aw"  728  3900.188477 4296.057129 3323.422363
  22           "ax" 3892  6614.461914 5503.854980 5163.526367
  23           "ay" 1934  8476.231445 9823.312500 9538.570312
  24           "ch"  820  3708.806885 3332.399414 3128.716553
  25           "cl" 2744  5072.261719 6227.882324 6288.419434
  26           "dh" 2376  5208.007324 3818.635254 4021.849121
  27           "dx" 1864  2591.705322 2395.019775 2911.468506
  28           "eh" 3277  8789.928711 10326.389648 7947.171387
  29           "el"  951  2943.208008 4235.537598 3128.711914
  30           "en"  630  1668.693115 2446.248291 1732.475464
  31           "er" 4138  11940.202148 15642.786133 12606.917969
  32           "ey" 2271  8789.324219 10510.905273 7207.603516
  33           "hh" 1660  5470.562012 3689.947998 3283.369629
  34           "ih" 4248  11343.640625 9954.863281 7624.221191
  35           "ix" 7370  13476.131836 11094.364258 9932.482422
  36           "iy" 4626  12710.604492 18926.017578 13875.825195
  37           "jh" 1013  3692.290039 3687.496826 3245.935547
  38           "ng" 1220  3531.642822 3344.842285 3335.151123
  39           "ow" 1653  6300.508301 7477.490234 5696.791016
  40           "oy"  304  2059.089600 1569.611938 1230.699341
  41           "sh" 1317  5006.251953 6720.176270 5572.761230
  42           "th"  745  2440.754395 2482.532715 2086.151123
  43           "uh"  500  1327.798218 1108.469604 842.744385
  44           "uw" 1952  5868.404785 6894.205078 4979.971680
  45           "zh"  149  639.424866 441.288696 501.770660
  46          "epi"  908  1713.987305 1430.974731 1286.136108
  47          "sil" 8283  49527.894531 39209.601562 49768.031250
  48          "vcl" 1672  3098.650635 2940.542725 3712.847656
