   1            "b" 2181  7953.257812 3866.789795 3416.626709
   2            "d" 2432  7797.338867 3184.963379 3996.524902
   3            "f" 2215  7018.555176 10328.423828 5495.293945
   4            "g" 1191  4656.165527 1989.841431 1818.895508
   5            "k" 3794  14535.330078 7988.889648 13032.215820
   6            "l" 4425  8320.138672 15210.878906 9836.715820
   7            "m" 3566  5721.838379 12100.375000 5935.374023
   8            "n" 6896  12491.641602 16164.614258 16623.105469
   9            "p" 2588  12002.058594 5447.868652 8060.251465
  10            "r" 4681  9360.414062 10842.245117 9593.729492
  11            "s" 6176  24939.419922 35635.664062 13636.536133
  12            "t" 3948  14411.985352 7389.338379 12863.779297
  13            "v" 1994  2475.574951 2947.578369 6766.266602
  14            "w" 2216  5696.273438 4825.126465 6145.368164
  15            "y"  995  2090.120361 2353.152100 3125.096436
  16            "z" 3682  13809.305664 14736.054688 7988.004395
  17           "aa" 2256  5000.112305 15498.976562 6637.944336
  18           "ae" 2292  5457.985352 18516.011719 5742.055664
  19           "ah" 2266  4487.313477 10326.093750 4698.938965
  20           "ao" 1865  4667.955078 14934.156250 4005.386475
  21           "aw"  728  1970.130859 6348.318359 2895.909180
  22           "ax" 3892  5147.857422 5806.979004 6050.567871
  23           "ay" 1934  4784.221191 17354.845703 6693.469727
  24           "ch"  820  3399.219482 3432.234131 3450.794922
  25           "cl" 2744  4914.928711 5283.064453 10147.009766
  26           "dh" 2376  3679.481934 3277.362061 3535.512451
  27           "dx" 1864  3022.229980 2198.249023 3389.387695
  28           "eh" 3277  6853.545410 15920.528320 6562.208008
  29           "el"  951  3202.270752 3963.805176 2319.692627
  30           "en"  630  1396.102539 2737.175293 1497.797729
  31           "er" 4138  11846.653320 19495.873047 8896.729492
  32           "ey" 2271  5250.390137 15463.751953 6512.660156
  33           "hh" 1660  4250.304199 2766.232910 4409.294922
  34           "ih" 4248  7051.625977 14739.422852 9156.716797
  35           "ix" 7370  10302.871094 11880.653320 10058.584961
  36           "iy" 4626  9466.819336 22226.341797 11245.626953
  37           "jh" 1013  3254.539307 2706.928955 4160.281250
  38           "ng" 1220  3071.417725 3975.777100 2937.116943
  39           "ow" 1653  4137.248047 11731.549805 4412.090332
  40           "oy"  304  1034.566772 2686.886475 1351.471924
  41           "sh" 1317  4347.691406 8265.583984 3705.483887
  42           "th"  745  2308.995117 2271.756592 2234.536865
  43           "uh"  500  826.241577 1492.431396 718.931824
  44           "uw" 1952  3413.692383 8450.414062 5405.010254
  45           "zh"  149  389.060455 661.026184 494.079224
  46          "epi"  908  1130.986206 1140.803101 2061.098145
  47          "sil" 8283  61119.535156 57758.031250 27596.320312
  48          "vcl" 1672  2508.131104 2919.332520 5289.799805
