   1            "b" 2181  8485.226562 2737.569336 4873.787109
   2            "d" 2432  7660.178711 3568.543457 4748.950684
   3            "f" 2215  6608.034668 10536.698242 5337.907227
   4            "g" 1191  4320.497070 1940.032227 2269.123047
   5            "k" 3794  15568.627930 8370.349609 12862.428711
   6            "l" 4425  7932.805664 12031.378906 11592.270508
   7            "m" 3566  6447.474609 12579.500977 6696.730469
   8            "n" 6896  11718.246094 18010.941406 13297.794922
   9            "p" 2588  12609.051758 5483.328613 6796.671875
  10            "r" 4681  8620.434570 8636.290039 11551.559570
  11            "s" 6176  32297.269531 28005.306641 13211.355469
  12            "t" 3948  13378.686523 9274.570312 11633.851562
  13            "v" 1994  2826.706055 3767.424561 5630.561035
  14            "w" 2216  5989.161133 5321.343262 5797.844727
  15            "y"  995  2149.701660 2312.449951 2954.044678
  16            "z" 3682  10802.916016 16781.181641 8100.203613
  17           "aa" 2256  6720.231934 15165.123047 6371.386230
  18           "ae" 2292  6754.769043 16192.406250 6939.843262
  19           "ah" 2266  5143.206543 9202.617188 4078.001221
  20           "ao" 1865  5724.815430 13484.459961 4976.223633
  21           "aw"  728  2469.729492 5854.575195 3022.065918
  22           "ax" 3892  5248.201660 6325.791504 5651.311035
  23           "ay" 1934  5922.908203 15710.473633 7710.841309
  24           "ch"  820  2780.852783 4475.320801 2762.620850
  25           "cl" 2744  4030.617676 5186.561035 9333.880859
  26           "dh" 2376  4859.345703 3610.700928 3897.258057
  27           "dx" 1864  2162.077393 2242.493164 3669.496094
  28           "eh" 3277  7776.083008 14454.925781 5854.323242
  29           "el"  951  2387.872559 4516.607422 2419.805908
  30           "en"  630  1357.969360 2632.688232 1629.987427
  31           "er" 4138  9569.153320 21761.230469 8538.108398
  32           "ey" 2271  6754.750977 14241.690430 6026.828613
  33           "hh" 1660  3904.106445 4778.120117 3649.885986
  34           "ih" 4248  8294.098633 13443.501953 7848.829590
  35           "ix" 7370  10339.639648 12287.510742 11288.223633
  36           "iy" 4626  11042.175781 21651.972656 10902.000000
  37           "jh" 1013  3225.063721 3086.078125 3546.403564
  38           "ng" 1220  3163.863281 4438.621094 2781.058594
  39           "ow" 1653  4969.614746 11370.001953 4220.124023
  40           "oy"  304  1205.720093 2343.042236 1796.047241
  41           "sh" 1317  4255.235352 9008.626953 3370.529053
  42           "th"  745  2253.481934 2459.322021 1996.149292
  43           "uh"  500  913.358093 1474.310913 833.494629
  44           "uw" 1952  4197.199707 8587.884766 5323.890137
  45           "zh"  149  438.762573 608.934814 473.523163
  46          "epi"  908  1155.582031 1196.516113 1650.934570
  47          "sil" 8283  56755.382812 55996.003906 34594.351562
  48          "vcl" 1672  2273.989014 2828.880859 4871.439453
