   1            "b" 2181  7765.395996 4031.697754 3084.751465
   2            "d" 2432  7372.198242 3698.435791 4491.622070
   3            "f" 2215  7030.962891 10418.011719 6085.796387
   4            "g" 1191  3899.488525 2415.033447 2811.384277
   5            "k" 3794  13161.447266 9073.755859 13706.198242
   6            "l" 4425  13835.211914 11637.016602 10895.748047
   7            "m" 3566  11134.986328 8741.704102 6600.495605
   8            "n" 6896  15479.964844 14295.716797 12334.521484
   9            "p" 2588  8569.814453 7132.828613 9255.938477
  10            "r" 4681  10228.294922 10422.950195 10265.017578
  11            "s" 6176  21203.515625 32887.273438 22149.574219
  12            "t" 3948  11924.633789 8243.280273 13041.013672
  13            "v" 1994  3965.025146 3895.489502 4297.811523
  14            "w" 2216  6264.354492 6762.241699 5890.913086
  15            "y"  995  2788.425781 2679.333252 2776.048096
  16            "z" 3682  12961.295898 12787.620117 11537.964844
  17           "aa" 2256  7663.778320 10965.650391 8570.692383
  18           "ae" 2292  9739.701172 11743.552734 7653.510742
  19           "ah" 2266  7334.097168 5946.066895 4783.853027
  20           "ao" 1865  7157.886719 9228.775391 6537.372070
  21           "aw"  728  3900.280029 4239.769043 3387.467041
  22           "ax" 3892  6554.366211 5459.891602 5204.835938
  23           "ay" 1934  8087.023438 10091.333008 9683.286133
  24           "ch"  820  3769.441650 3323.255615 3088.084229
  25           "cl" 2744  5131.726074 6400.989746 6219.319336
  26           "dh" 2376  5174.421387 3826.604248 3969.047363
  27           "dx" 1864  2527.499756 2402.210205 2827.848877
  28           "eh" 3277  8592.776367 10726.268555 8057.117188
  29           "el"  951  2888.473877 4311.523926 3048.066895
  30           "en"  630  1615.384399 2494.455078 1733.485107
  31           "er" 4138  11791.288086 15808.696289 12544.996094
  32           "ey" 2271  8835.248047 10724.341797 6999.817871
  33           "hh" 1660  5283.458008 3714.932617 3279.964844
  34           "ih" 4248  11845.396484 9783.073242 7384.081543
  35           "ix" 7370  13308.415039 11205.884766 9899.118164
  36           "iy" 4626  12245.934570 19291.599609 13895.113281
  37           "jh" 1013  3720.543457 3649.176514 3260.057861
  38           "ng" 1220  3503.111084 3331.793701 3219.874023
  39           "ow" 1653  6171.410156 7717.153320 5446.344238
  40           "oy"  304  2052.915039 1558.187866 1233.692749
  41           "sh" 1317  4910.798340 6893.467285 5518.388672
  42           "th"  745  2485.730469 2507.610840 2033.210938
  43           "uh"  500  1339.182251 1100.285767 846.569763
  44           "uw" 1952  5822.934570 6809.407715 4863.321777
  45           "zh"  149  626.319275 448.184845 503.379700
  46          "epi"  908  1741.074219 1410.967529 1300.700195
  47          "sil" 8283  49201.730469 40442.742188 49640.238281
  48          "vcl" 1672  3046.934326 2949.478027 3680.246338
