   1            "b" 2181  8306.060547 3263.313965 4634.880859
   2            "d" 2432  7451.010254 4063.545166 4420.961426
   3            "f" 2215  7132.525879 10184.296875 5476.001953
   4            "g" 1191  4206.471680 1954.599243 2620.777588
   5            "k" 3794  14914.198242 9307.575195 12998.406250
   6            "l" 4425  12294.538086 10159.705078 11576.430664
   7            "m" 3566  8097.327637 11788.305664 7199.342285
   8            "n" 6896  12678.019531 16205.659180 13820.195312
   9            "p" 2588  12439.690430 5911.992188 7016.918457
  10            "r" 4681  9527.776367 8756.764648 10878.445312
  11            "s" 6176  28455.285156 29895.029297 15431.839844
  12            "t" 3948  13125.287109 9403.368164 11944.488281
  13            "v" 1994  3030.126953 3895.040527 5344.702637
  14            "w" 2216  6343.442383 5291.213867 6157.948730
  15            "y"  995  2474.832520 2387.037109 2769.648926
  16            "z" 3682  11814.145508 15059.429688 9077.662109
  17           "aa" 2256  6668.830078 14186.851562 6631.021484
  18           "ae" 2292  7156.032715 14498.431641 7379.300781
  19           "ah" 2266  5575.927246 8226.573242 4374.471680
  20           "ao" 1865  6286.162598 11765.201172 5773.294434
  21           "aw"  728  2509.109619 5867.351562 3054.702637
  22           "ax" 3892  5617.881836 6053.976074 5499.976562
  23           "ay" 1934  6187.756836 14395.816406 8060.279297
  24           "ch"  820  2816.050537 3981.813477 3482.867432
  25           "cl" 2744  4263.000488 4616.353516 9240.077148
  26           "dh" 2376  4824.073730 3701.128662 3893.531494
  27           "dx" 1864  2237.643066 2490.487549 3229.904541
  28           "eh" 3277  8555.414062 12110.001953 6929.740234
  29           "el"  951  2908.039062 3964.157227 2603.455322
  30           "en"  630  1501.396118 2414.959229 1643.663208
  31           "er" 4138  10730.276367 19545.544922 9550.544922
  32           "ey" 2271  7244.465332 13308.705078 5810.132812
  33           "hh" 1660  4056.603516 5152.579102 3264.342529
  34           "ih" 4248  8685.519531 13037.650391 7286.477051
  35           "ix" 7370  11338.234375 11968.503906 10435.673828
  36           "iy" 4626  11792.355469 19743.056641 12114.887695
  37           "jh" 1013  3118.795166 3426.518555 3568.185791
  38           "ng" 1220  3165.760742 4067.795166 3049.251465
  39           "ow" 1653  4927.667969 10677.525391 4630.816406
  40           "oy"  304  1119.305054 2178.438721 1766.773926
  41           "sh" 1317  4871.842285 8280.242188 4210.500488
  42           "th"  745  2177.932129 2521.757812 2029.824219
  43           "uh"  500  924.419983 1469.741333 874.379578
  44           "uw" 1952  4747.563965 8012.604980 5135.937500
  45           "zh"  149  511.059387 563.777832 511.403046
  46          "epi"  908  1256.531372 1230.592529 1502.312988
  47          "sil" 8283  47175.894531 55959.167969 41836.667969
  48          "vcl" 1672  2396.671631 2898.118652 4598.476562
