   1            "b" 2181  7735.860840 4069.693604 3081.687500
   2            "d" 2432  7457.205566 3715.466797 4527.013184
   3            "f" 2215  7047.864258 10373.376953 6075.651367
   4            "g" 1191  3830.774414 2475.371338 2875.837891
   5            "k" 3794  13067.451172 9390.204102 13471.586914
   6            "l" 4425  13894.630859 11310.968750 11217.400391
   7            "m" 3566  10873.479492 8915.183594 6744.208008
   8            "n" 6896  15482.801758 14448.242188 12376.222656
   9            "p" 2588  8605.512695 7220.334961 9157.522461
  10            "r" 4681  10390.832031 10388.269531 10266.692383
  11            "s" 6176  21346.478516 32086.443359 22562.390625
  12            "t" 3948  12032.093750 8434.738281 12833.642578
  13            "v" 1994  4194.488770 3828.878418 4261.414551
  14            "w" 2216  6358.597168 6690.534180 5961.791504
  15            "y"  995  2741.744141 2647.052246 2785.885986
  16            "z" 3682  12911.037109 12322.442383 11653.956055
  17           "aa" 2256  7620.085449 11015.879883 8549.246094
  18           "ae" 2292  9759.544922 11565.636719 7717.961426
  19           "ah" 2266  7302.798340 5951.763672 4750.608398
  20           "ao" 1865  7256.414062 9102.666992 6613.984375
  21           "aw"  728  3907.559814 4275.810059 3332.795898
  22           "ax" 3892  6607.436523 5486.877441 5170.198242
  23           "ay" 1934  8320.070312 9950.478516 9583.583008
  24           "ch"  820  3717.286865 3328.241943 3126.591797
  25           "cl" 2744  5070.168945 6325.642578 6220.955078
  26           "dh" 2376  5290.499023 3817.311768 4002.262207
  27           "dx" 1864  2580.260254 2392.892578 2876.422852
  28           "eh" 3277  8761.958008 10411.933594 7951.606445
  29           "el"  951  2919.173340 4249.487305 3120.611084
  30           "en"  630  1661.340088 2455.755371 1724.869629
  31           "er" 4138  11862.790039 15740.937500 12509.743164
  32           "ey" 2271  8848.771484 10589.162109 7121.791504
  33           "hh" 1660  5427.029297 3703.522461 3281.322021
  34           "ih" 4248  11445.958008 9883.357422 7589.319824
  35           "ix" 7370  13365.818359 11100.123047 9956.996094
  36           "iy" 4626  12589.985352 19079.716797 13798.542969
  37           "jh" 1013  3674.629395 3704.606201 3245.282959
  38           "ng" 1220  3551.510498 3323.469238 3310.556152
  39           "ow" 1653  6268.788086 7532.339844 5636.708008
  40           "oy"  304  2069.663818 1563.497925 1227.550781
  41           "sh" 1317  4976.933594 6763.155762 5569.311523
  42           "th"  745  2446.760254 2477.581299 2078.841797
  43           "uh"  500  1319.977173 1101.007080 844.369202
  44           "uw" 1952  5883.447754 6868.524902 4978.859863
  45           "zh"  149  638.674133 447.006073 499.377869
  46          "epi"  908  1738.320435 1444.065308 1292.379028
  47          "sil" 8283  49530.781250 39510.964844 49707.789062
  48          "vcl" 1672  3065.502441 2970.053955 3677.435059
