   1            "b" 2181  7064.994141 4563.312500 3371.114990
   2            "d" 2432  6940.007812 3279.026611 4575.729004
   3            "f" 2215  7009.959961 10515.280273 5699.435547
   4            "g" 1191  3590.348633 2112.568359 2894.037109
   5            "k" 3794  11160.662109 9177.902344 15124.667969
   6            "l" 4425  11326.756836 12191.793945 12005.177734
   7            "m" 3566  7346.461426 9871.887695 9443.070312
   8            "n" 6896  11448.024414 16822.753906 14566.204102
   9            "p" 2588  8824.829102 6981.721680 8527.479492
  10            "r" 4681  9909.702148 11299.098633 10934.618164
  11            "s" 6176  21597.496094 35786.300781 20520.220703
  12            "t" 3948  11979.637695 7944.808594 12120.443359
  13            "v" 1994  3506.954834 3938.925781 4806.663574
  14            "w" 2216  6116.530762 6710.470215 5470.314941
  15            "y"  995  2492.763428 2708.735107 2731.480957
  16            "z" 3682  13389.701172 13919.916992 10361.086914
  17           "aa" 2256  6675.108398 12155.905273 8169.472168
  18           "ae" 2292  8937.241211 12781.491211 7340.605957
  19           "ah" 2266  5704.376465 7496.990723 5344.982910
  20           "ao" 1865  6109.673828 10022.497070 6620.255371
  21           "aw"  728  3010.410156 4778.848145 3648.218750
  22           "ax" 3892  5741.971680 5620.702148 5926.635254
  23           "ay" 1934  7282.709961 11109.022461 9812.974609
  24           "ch"  820  2910.514648 2895.355957 4094.125488
  25           "cl" 2744  4885.400391 4262.842285 8431.848633
  26           "dh" 2376  4573.421875 3603.438965 3924.968262
  27           "dx" 1864  2670.870850 2328.950439 3143.840820
  28           "eh" 3277  8469.790039 10661.785156 8088.291992
  29           "el"  951  2769.902588 4374.907715 2896.396484
  30           "en"  630  1457.491943 2622.159424 1629.856812
  31           "er" 4138  11902.718750 16608.746094 12091.631836
  32           "ey" 2271  8384.172852 11096.714844 7328.790527
  33           "hh" 1660  4712.534180 3571.032959 3474.506104
  34           "ih" 4248  9059.217773 11701.098633 8589.476562
  35           "ix" 7370  11032.888672 12345.957031 11410.496094
  36           "iy" 4626  11158.591797 20869.205078 12990.716797
  37           "jh" 1013  2960.599609 3160.001221 4082.049316
  38           "ng" 1220  3147.383301 3373.825439 3412.721436
  39           "ow" 1653  5258.353027 9262.126953 5044.063477
  40           "oy"  304  930.746277 2339.581787 1674.389282
  41           "sh" 1317  5500.757812 7440.151855 4336.104004
  42           "th"  745  2262.012695 2469.069824 2255.033936
  43           "uh"  500  1031.048950 1241.865845 1035.379761
  44           "uw" 1952  5210.975098 7824.147461 4730.029297
  45           "zh"  149  488.279755 563.393311 534.683228
  46          "epi"  908  1574.548340 1277.948120 1354.537109
  47          "sil" 8283  49997.800781 47801.945312 43541.707031
  48          "vcl" 1672  2949.958984 2522.390625 4236.945801
