   1            "b" 2181  7768.864746 4045.178711 3081.730713
   2            "d" 2432  7392.157227 3717.806641 4524.961914
   3            "f" 2215  7036.741699 10395.549805 6096.628906
   4            "g" 1191  3886.961670 2416.916992 2840.570801
   5            "k" 3794  13152.411133 9134.671875 13645.053711
   6            "l" 4425  13841.324219 11556.065430 11024.092773
   7            "m" 3566  11016.984375 8830.405273 6630.048828
   8            "n" 6896  15500.024414 14219.889648 12447.488281
   9            "p" 2588  8584.192383 7173.659668 9241.466797
  10            "r" 4681  10271.527344 10410.485352 10281.247070
  11            "s" 6176  21256.333984 32574.980469 22330.078125
  12            "t" 3948  11959.925781 8290.679688 12953.288086
  13            "v" 1994  4026.867676 3867.677002 4286.579102
  14            "w" 2216  6306.521973 6719.343750 5916.544922
  15            "y"  995  2775.285400 2670.442871 2784.076660
  16            "z" 3682  12917.820312 12639.760742 11621.597656
  17           "aa" 2256  7654.856934 10970.938477 8567.722656
  18           "ae" 2292  9752.167969 11724.722656 7644.690430
  19           "ah" 2266  7336.770508 5926.153809 4788.912598
  20           "ao" 1865  7173.335938 9155.515625 6569.164551
  21           "aw"  728  3907.476318 4241.598633 3372.914307
  22           "ax" 3892  6571.479492 5458.577637 5177.653809
  23           "ay" 1934  8144.585938 10068.623047 9644.866211
  24           "ch"  820  3751.184570 3321.874512 3098.791748
  25           "cl" 2744  5104.960449 6392.380859 6222.887207
  26           "dh" 2376  5157.102539 3818.754639 3982.739258
  27           "dx" 1864  2542.677734 2402.879639 2840.194580
  28           "eh" 3277  8637.336914 10638.444336 8023.628418
  29           "el"  951  2890.792969 4301.790527 3095.830078
  30           "en"  630  1626.228394 2480.010010 1734.756714
  31           "er" 4138  11806.274414 15779.771484 12539.698242
  32           "ey" 2271  8842.586914 10672.312500 7055.938477
  33           "hh" 1660  5318.913086 3711.037842 3283.559570
  34           "ih" 4248  11728.970703 9744.860352 7485.612793
  35           "ix" 7370  13312.666992 11218.438477 9917.228516
  36           "iy" 4626  12344.511719 19180.212891 13933.586914
  37           "jh" 1013  3696.289307 3679.324219 3257.154785
  38           "ng" 1220  3528.467529 3325.048584 3229.715820
  39           "ow" 1653  6178.804199 7703.839355 5454.282715
  40           "oy"  304  2053.531738 1559.223877 1229.683838
  41           "sh" 1317  4921.539062 6853.093750 5542.942871
  42           "th"  745  2500.971680 2489.197266 2039.489258
  43           "uh"  500  1331.374512 1090.090210 846.505859
  44           "uw" 1952  5849.149902 6806.994629 4914.270020
  45           "zh"  149  627.636963 448.057800 503.647125
  46          "epi"  908  1745.616089 1420.019043 1305.438477
  47          "sil" 8283  49457.121094 40156.605469 49536.984375
  48          "vcl" 1672  3055.647949 2959.110840 3668.360840
