   1            "b" 2181  7980.117676 4065.512939 4331.331055
   2            "d" 2432  7340.044434 4255.486328 4635.133789
   3            "f" 2215  7223.421875 10097.528320 5822.304688
   4            "g" 1191  4216.276855 2159.130371 3028.110596
   5            "k" 3794  14849.486328 9504.254883 13407.131836
   6            "l" 4425  12040.329102 10268.436523 11504.713867
   7            "m" 3566  9102.237305 9882.026367 8625.240234
   8            "n" 6896  14077.143555 14130.512695 16334.383789
   9            "p" 2588  12497.872070 6484.422852 7126.187988
  10            "r" 4681  9572.276367 9594.561523 10782.500977
  11            "s" 6176  27350.980469 30634.027344 15757.492188
  12            "t" 3948  13231.461914 9274.718750 12093.982422
  13            "v" 1994  3518.855713 4317.921875 4859.709961
  14            "w" 2216  6366.139648 6307.354492 5827.045898
  15            "y"  995  2537.061279 2426.222900 2879.033203
  16            "z" 3682  12896.454102 14429.646484 9510.247070
  17           "aa" 2256  6643.946289 11908.183594 7575.367188
  18           "ae" 2292  7500.249023 13202.077148 7517.223145
  19           "ah" 2266  5517.906250 7286.663086 4451.376953
  20           "ao" 1865  6024.171387 10724.914062 6143.517090
  21           "aw"  728  2834.500244 5158.577148 3391.007080
  22           "ax" 3892  6039.414551 5265.004883 5656.508789
  23           "ay" 1934  7148.419434 12017.920898 8645.282227
  24           "ch"  820  2996.197266 3869.867676 3490.055176
  25           "cl" 2744  4786.498535 4832.278809 8995.309570
  26           "dh" 2376  5051.712402 3648.063721 4157.280273
  27           "dx" 1864  2459.798340 2751.483887 3177.117188
  28           "eh" 3277  8522.551758 10339.324219 7105.723145
  29           "el"  951  2902.580078 3753.993652 2731.805176
  30           "en"  630  1517.613159 2411.051758 1642.137085
  31           "er" 4138  11821.530273 15987.645508 10653.259766
  32           "ey" 2271  8001.266602 11654.838867 6452.030762
  33           "hh" 1660  4356.954590 4962.186523 3853.124023
  34           "ih" 4248  9038.785156 10956.306641 7977.773926
  35           "ix" 7370  11429.280273 11144.433594 10622.987305
  36           "iy" 4626  12001.524414 19105.210938 12513.290039
  37           "jh" 1013  3250.492920 3337.565918 3734.134766
  38           "ng" 1220  3130.918945 3776.723633 3277.941406
  39           "ow" 1653  5411.200684 8816.661133 5338.760254
  40           "oy"  304  1098.224487 2023.039795 1897.988647
  41           "sh" 1317  5032.140137 7996.075195 4180.814941
  42           "th"  745  2360.337646 2462.642578 2089.441162
  43           "uh"  500  952.732056 1371.976685 862.076355
  44           "uw" 1952  5062.961426 7046.121094 5203.120117
  45           "zh"  149  577.551208 555.928711 521.603882
  46          "epi"  908  1455.257568 1272.056152 1448.958496
  47          "sil" 8283  48957.691406 51203.449219 45295.917969
  48          "vcl" 1672  2835.880859 2990.136719 4510.386230
