   1            "b" 2181  7132.214844 4622.916992 3693.883789
   2            "d" 2432  7071.016113 3821.339355 4614.364258
   3            "f" 2215  6903.550293 10138.570312 6236.292969
   4            "g" 1191  3530.854736 2471.321045 3170.378174
   5            "k" 3794  11923.207031 9471.872070 14778.285156
   6            "l" 4425  12495.309570 11182.208984 12678.692383
   7            "m" 3566  7667.384766 10152.063477 9219.277344
   8            "n" 6896  12737.602539 15037.909180 15299.197266
   9            "p" 2588  9252.006836 7158.591797 8599.384766
  10            "r" 4681  9796.379883 11226.064453 10945.919922
  11            "s" 6176  22403.144531 32673.054688 21750.365234
  12            "t" 3948  12163.815430 8083.336426 12474.070312
  13            "v" 1994  4011.641602 4407.045898 4310.988281
  14            "w" 2216  6496.670410 6463.323730 6001.131836
  15            "y"  995  2712.267334 2865.083984 2742.692871
  16            "z" 3682  13237.982422 13771.764648 10349.224609
  17           "aa" 2256  7350.646484 10776.152344 8755.895508
  18           "ae" 2292  9101.458008 11786.236328 7661.703613
  19           "ah" 2266  6034.748535 6906.487305 5126.329102
  20           "ao" 1865  6149.869141 9509.492188 6786.635742
  21           "aw"  728  3281.584961 4630.807129 3500.294434
  22           "ax" 3892  6008.549316 5476.444336 5462.183105
  23           "ay" 1934  8475.231445 9969.238281 9453.082031
  24           "ch"  820  3017.530273 3066.127930 4055.528809
  25           "cl" 2744  4917.522949 4706.377930 8460.457031
  26           "dh" 2376  4708.813965 3460.174072 4039.205811
  27           "dx" 1864  2696.364502 2190.192627 3163.514893
  28           "eh" 3277  8659.793945 10022.967773 7979.407227
  29           "el"  951  2875.312256 4319.471191 2848.682617
  30           "en"  630  1454.533813 2534.552979 1718.260010
  31           "er" 4138  12647.090820 14766.166016 12463.478516
  32           "ey" 2271  8205.284180 10786.208008 7493.813965
  33           "hh" 1660  4577.091797 4019.130371 3676.176270
  34           "ih" 4248  9328.775391 10878.373047 8728.765625
  35           "ix" 7370  11375.688477 11898.933594 10901.875977
  36           "iy" 4626  12213.216797 19518.166016 13445.209961
  37           "jh" 1013  3305.537598 3294.329346 4011.217041
  38           "ng" 1220  3280.062744 3293.519287 3538.160400
  39           "ow" 1653  5718.411133 7888.437500 5569.041016
  40           "oy"  304  1081.213989 2129.723145 1710.449829
  41           "sh" 1317  5504.291992 7228.907715 4521.842285
  42           "th"  745  2318.753174 2362.786621 2299.493164
  43           "uh"  500  1058.414795 1228.205566 1009.652222
  44           "uw" 1952  5386.379883 7106.155273 5248.070801
  45           "zh"  149  546.388000 556.859863 541.261780
  46          "epi"  908  1619.310181 1315.698364 1399.901489
  47          "sil" 8283  48221.054688 40679.710938 50137.699219
  48          "vcl" 1672  2810.766113 2504.123047 4429.306641
