   1            "b" 2181  7757.538574 4060.491943 3083.091309
   2            "d" 2432  7414.601074 3733.195312 4529.563965
   3            "f" 2215  7047.836426 10366.723633 6101.999512
   4            "g" 1191  3846.516602 2448.647217 2864.292725
   5            "k" 3794  13133.840820 9227.395508 13540.757812
   6            "l" 4425  13831.871094 11395.194336 11180.645508
   7            "m" 3566  10870.923828 8946.592773 6698.055664
   8            "n" 6896  15552.685547 14324.215820 12370.088867
   9            "p" 2588  8600.670898 7215.820801 9202.684570
  10            "r" 4681  10342.353516 10398.841797 10261.680664
  11            "s" 6176  21346.039062 32203.818359 22532.488281
  12            "t" 3948  12024.311523 8368.974609 12806.235352
  13            "v" 1994  4128.701660 3842.615234 4260.815918
  14            "w" 2216  6349.887695 6692.422852 5951.217773
  15            "y"  995  2740.305908 2651.679443 2783.770996
  16            "z" 3682  12896.923828 12466.801758 11612.015625
  17           "aa" 2256  7627.218750 11016.741211 8526.534180
  18           "ae" 2292  9729.665039 11685.697266 7642.267090
  19           "ah" 2266  7327.526855 5937.588867 4764.431152
  20           "ao" 1865  7230.140625 9072.442383 6606.530762
  21           "aw"  728  3902.042236 4283.166016 3317.664551
  22           "ax" 3892  6614.985352 5458.777832 5186.276855
  23           "ay" 1934  8240.569336 10035.011719 9582.032227
  24           "ch"  820  3719.430908 3325.834961 3122.114746
  25           "cl" 2744  5066.806641 6355.705566 6182.103027
  26           "dh" 2376  5240.682617 3815.068359 3989.776855
  27           "dx" 1864  2572.054199 2398.532959 2858.407715
  28           "eh" 3277  8726.758789 10500.990234 7956.315918
  29           "el"  951  2908.769775 4264.061035 3124.511230
  30           "en"  630  1650.096924 2456.147217 1726.881348
  31           "er" 4138  11840.269531 15774.503906 12493.682617
  32           "ey" 2271  8891.868164 10610.255859 7086.236328
  33           "hh" 1660  5388.534180 3700.499512 3276.482178
  34           "ih" 4248  11570.534180 9823.523438 7556.601562
  35           "ix" 7370  13313.596680 11174.750000 9978.073242
  36           "iy" 4626  12506.531250 19154.232422 13818.621094
  37           "jh" 1013  3653.266357 3700.639648 3248.050781
  38           "ng" 1220  3556.523193 3317.351318 3280.172363
  39           "ow" 1653  6256.525879 7606.540527 5569.915527
  40           "oy"  304  2071.972168 1560.343262 1227.645386
  41           "sh" 1317  4948.889648 6798.214844 5563.993652
  42           "th"  745  2475.082275 2476.498779 2068.476318
  43           "uh"  500  1317.199829 1095.068604 842.865112
  44           "uw" 1952  5882.181152 6816.187500 4998.859375
  45           "zh"  149  631.813782 447.900848 501.999451
  46          "epi"  908  1748.499268 1433.879150 1302.536743
  47          "sil" 8283  49610.703125 39843.457031 49566.429688
  48          "vcl" 1672  3061.546387 2978.697754 3646.970947
