   1            "b" 2181  7148.730957 4594.275391 3649.777344
   2            "d" 2432  7137.282227 3612.467773 4631.667480
   3            "f" 2215  7060.044922 10314.436523 5852.634277
   4            "g" 1191  3509.254639 2444.231934 3165.531738
   5            "k" 3794  11862.129883 9417.180664 14795.347656
   6            "l" 4425  12370.182617 11338.092773 12532.847656
   7            "m" 3566  7444.997070 10248.846680 9316.589844
   8            "n" 6896  12396.447266 15299.921875 15398.185547
   9            "p" 2588  9165.648438 7168.191406 8523.787109
  10            "r" 4681  9802.452148 11233.173828 10878.680664
  11            "s" 6176  22255.613281 33390.312500 21515.017578
  12            "t" 3948  12080.840820 8051.461426 12562.722656
  13            "v" 1994  3876.469238 4306.503418 4460.180664
  14            "w" 2216  6482.514648 6406.158691 5934.309570
  15            "y"  995  2656.822510 2862.550049 2783.410156
  16            "z" 3682  13249.868164 13974.796875 10307.717773
  17           "aa" 2256  7107.615234 11095.676758 8588.645508
  18           "ae" 2292  9139.953125 11995.562500 7506.346191
  19           "ah" 2266  5954.094727 6982.861328 5167.004395
  20           "ao" 1865  6110.643555 9609.521484 6710.398438
  21           "aw"  728  3132.962402 4733.725586 3489.182129
  22           "ax" 3892  5991.769531 5459.794434 5591.096191
  23           "ay" 1934  8241.714844 10152.238281 9541.082031
  24           "ch"  820  3002.970703 3101.647217 4043.919434
  25           "cl" 2744  4865.770020 4670.484863 8403.080078
  26           "dh" 2376  4648.947754 3508.693115 4016.352051
  27           "dx" 1864  2635.875977 2231.166260 3141.734375
  28           "eh" 3277  8692.453125 10235.079102 7918.882812
  29           "el"  951  2843.436035 4334.458008 2879.157715
  30           "en"  630  1473.015015 2539.443604 1703.869019
  31           "er" 4138  12482.482422 15147.358398 12321.985352
  32           "ey" 2271  8321.316406 11023.998047 7214.092773
  33           "hh" 1660  4528.492676 3936.400879 3645.981445
  34           "ih" 4248  9267.004883 11009.374023 8713.136719
  35           "ix" 7370  11383.382812 11785.740234 11011.710938
  36           "iy" 4626  11843.458984 19979.373047 13278.296875
  37           "jh" 1013  3256.720947 3299.933105 4021.806885
  38           "ng" 1220  3185.187500 3294.011475 3549.019775
  39           "ow" 1653  5558.748535 8167.584961 5478.136230
  40           "oy"  304  1015.839478 2207.404297 1685.233398
  41           "sh" 1317  5518.873047 7208.221680 4550.076172
  42           "th"  745  2306.612549 2351.335449 2328.960205
  43           "uh"  500  1050.995483 1222.419922 1013.711182
  44           "uw" 1952  5253.082031 7325.865234 5152.823730
  45           "zh"  149  517.838379 563.239685 541.135010
  46          "epi"  908  1606.199951 1324.528687 1384.043823
  47          "sil" 8283  48155.238281 42055.093750 49396.191406
  48          "vcl" 1672  2834.417969 2521.918701 4363.625488
