   1            "b" 2181  6943.463379 4454.821289 3199.196045
   2            "d" 2432  6847.770020 3571.836182 4966.814453
   3            "f" 2215  6281.583984 10750.663086 6916.584473
   4            "g" 1191  3630.611572 2100.747559 2546.239502
   5            "k" 3794  12624.479492 6949.740234 16154.954102
   6            "l" 4425  12934.322266 10425.081055 8929.579102
   7            "m" 3566  12719.642578 7176.449219 5710.486816
   8            "n" 6896  17724.054688 12391.310547 11118.513672
   9            "p" 2588  8553.985352 7392.127441 9900.465820
  10            "r" 4681  9950.428711 10478.622070 9788.565430
  11            "s" 6176  17278.460938 40592.628906 20073.064453
  12            "t" 3948  11461.063477 6924.487793 15812.865234
  13            "v" 1994  3605.482422 4154.270508 4283.055664
  14            "w" 2216  5869.006348 5697.442383 5323.120605
  15            "y"  995  2082.985352 2559.516113 2672.497803
  16            "z" 3682  11319.050781 15063.003906 11814.406250
  17           "aa" 2256  6296.902344 15378.934570 6883.721680
  18           "ae" 2292  7210.524902 15682.494141 8053.093262
  19           "ah" 2266  8132.718750 5889.528320 4658.939941
  20           "ao" 1865  6370.413574 11812.421875 4975.606445
  21           "aw"  728  2658.806641 5801.988770 3017.571045
  22           "ax" 3892  6107.670898 6693.536133 4706.894531
  23           "ay" 1934  5778.532715 15228.376953 8197.316406
  24           "ch"  820  3502.636475 3849.518799 2712.148682
  25           "cl" 2744  4385.240723 7518.216309 5699.731934
  26           "dh" 2376  5277.281250 3805.742188 3067.093750
  27           "dx" 1864  2343.354980 2519.395020 2222.551270
  28           "eh" 3277  7502.106445 13155.360352 8967.930664
  29           "el"  951  2291.628662 4446.791504 2486.674072
  30           "en"  630  1489.736938 2486.885742 1329.723999
  31           "er" 4138  8359.175781 20661.966797 10915.451172
  32           "ey" 2271  6400.169434 13243.321289 6967.905273
  33           "hh" 1660  6023.760254 2661.604248 2756.713623
  34           "ih" 4248  12740.355469 9626.060547 7631.259766
  35           "ix" 7370  12590.595703 12355.158203 10060.602539
  36           "iy" 4626  9778.473633 20079.542969 12207.204102
  37           "jh" 1013  2904.574219 3980.890381 3317.427246
  38           "ng" 1220  3139.412109 3412.599365 2484.321533
  39           "ow" 1653  6648.632324 8530.356445 4259.470703
  40           "oy"  304  2044.756714 1503.168945 1121.746948
  41           "sh" 1317  4827.116211 8013.740723 4809.931641
  42           "th"  745  2299.839600 2848.475342 1685.474609
  43           "uh"  500  1502.491943 1036.541504 739.172607
  44           "uw" 1952  3986.100342 8436.355469 4075.479492
  45           "zh"  149  494.769745 536.997070 483.626160
  46          "epi"  908  1679.852295 1469.758301 1489.696655
  47          "sil" 8283  58046.128906 57758.687500 30421.683594
  48          "vcl" 1672  2617.012207 3616.729492 3225.069092
