   1            "b" 2181  8068.501465 3600.202148 4543.921875
   2            "d" 2432  7535.834473 4110.610840 4472.364258
   3            "f" 2215  6969.057129 10252.221680 5498.491211
   4            "g" 1191  4217.604980 2073.971924 2728.555908
   5            "k" 3794  14832.722656 9215.081055 13498.921875
   6            "l" 4425  12190.962891 9905.102539 11862.189453
   7            "m" 3566  8770.612305 10708.938477 8039.625977
   8            "n" 6896  12845.396484 15502.482422 14704.042969
   9            "p" 2588  12411.523438 6007.082031 7035.693848
  10            "r" 4681  9525.431641 9483.721680 10675.346680
  11            "s" 6176  27924.277344 30175.148438 15925.178711
  12            "t" 3948  12903.256836 9184.812500 12251.294922
  13            "v" 1994  3207.808594 4106.861816 5202.173340
  14            "w" 2216  6399.458984 5715.285156 5914.128906
  15            "y"  995  2545.938477 2439.571533 2754.070068
  16            "z" 3682  12061.953125 14675.541016 9620.297852
  17           "aa" 2256  6757.428711 13181.774414 7028.072754
  18           "ae" 2292  7241.614258 13975.815430 7362.413086
  19           "ah" 2266  5625.733398 7876.032715 4457.903320
  20           "ao" 1865  6370.523438 11395.807617 5636.145020
  21           "aw"  728  2710.566162 5525.020020 3236.885742
  22           "ax" 3892  5923.250977 5604.984375 5622.507324
  23           "ay" 1934  6680.057129 13309.956055 8350.061523
  24           "ch"  820  2906.965820 3920.873047 3454.162354
  25           "cl" 2744  4451.681641 4738.524902 9107.921875
  26           "dh" 2376  4865.793945 3804.321289 3930.915283
  27           "dx" 1864  2271.725830 2658.105225 3155.453613
  28           "eh" 3277  8413.740234 11286.039062 7215.115723
  29           "el"  951  2870.142334 3863.331787 2713.751465
  30           "en"  630  1494.465942 2400.765137 1729.659668
  31           "er" 4138  11504.580078 17453.503906 10157.248047
  32           "ey" 2271  7551.715820 12571.197266 6170.442871
  33           "hh" 1660  4218.296387 5188.687012 3334.341553
  34           "ih" 4248  9060.213867 12009.910156 7869.848145
  35           "ix" 7370  11351.104492 11831.357422 10364.344727
  36           "iy" 4626  12055.801758 19300.863281 12256.812500
  37           "jh" 1013  3150.896729 3471.552490 3539.399902
  38           "ng" 1220  3258.196045 3803.001465 3223.323730
  39           "ow" 1653  5152.819336 9844.701172 4905.592285
  40           "oy"  304  1091.617310 2141.613525 1779.896118
  41           "sh" 1317  4931.932617 8118.715820 4276.281250
  42           "th"  745  2212.939697 2550.215088 2032.184082
  43           "uh"  500  942.046753 1435.141846 880.039062
  44           "uw" 1952  5036.856934 7624.678223 5033.911621
  45           "zh"  149  551.599182 544.500916 527.228455
  46          "epi"  908  1390.505981 1214.942749 1481.493530
  47          "sil" 8283  45574.464844 56381.640625 43011.011719
  48          "vcl" 1672  2542.239258 2973.471680 4522.379395
