   1            "b" 2181  7830.505371 4793.285156 4474.979980
   2            "d" 2432  7714.343750 4224.916992 4714.658203
   3            "f" 2215  7456.005859 9741.535156 6559.741699
   4            "g" 1191  4044.750488 2623.224121 3432.189209
   5            "k" 3794  14692.354492 10937.785156 12650.451172
   6            "l" 4425  12570.871094 10864.210938 11235.688477
   7            "m" 3566  9150.130859 10412.729492 8737.043945
   8            "n" 6896  14347.188477 13689.682617 15867.496094
   9            "p" 2588  12464.131836 6582.618164 7432.474121
  10            "r" 4681  9672.678711 9653.503906 10714.684570
  11            "s" 6176  26058.078125 31695.828125 17588.259766
  12            "t" 3948  13753.104492 10150.343750 11082.184570
  13            "v" 1994  4163.763184 4656.957031 4683.929688
  14            "w" 2216  6503.379395 6427.649414 5922.822266
  15            "y"  995  2846.298340 2606.408203 2852.302246
  16            "z" 3682  13237.641602 13827.270508 10411.033203
  17           "aa" 2256  7285.528320 10732.437500 7910.805664
  18           "ae" 2292  7642.531738 11876.907227 8052.611328
  19           "ah" 2266  5677.971680 6315.131836 4334.869141
  20           "ao" 1865  6181.584961 9645.712891 6581.289551
  21           "aw"  728  3221.861328 4486.493164 3484.337158
  22           "ax" 3892  5956.584473 5042.798828 5177.342285
  23           "ay" 1934  7732.147949 10719.553711 8728.068359
  24           "ch"  820  3234.401123 3657.270996 3612.607422
  25           "cl" 2744  5233.534180 4988.426270 8773.821289
  26           "dh" 2376  5111.796875 4030.863037 4366.419922
  27           "dx" 1864  2803.009277 2899.078369 3094.920166
  28           "eh" 3277  8114.292969 9957.317383 6861.401367
  29           "el"  951  3052.672119 3751.499512 2791.832275
  30           "en"  630  1666.756592 2243.507812 1770.074707
  31           "er" 4138  11805.491211 14774.042969 11131.649414
  32           "ey" 2271  8380.279297 10508.958008 7104.420410
  33           "hh" 1660  4899.025391 4941.667969 3856.296631
  34           "ih" 4248  9069.211914 10038.580078 7906.320801
  35           "ix" 7370  11231.772461 10475.919922 10227.351562
  36           "iy" 4626  12451.702148 18243.564453 12900.767578
  37           "jh" 1013  3632.601562 3434.586914 3978.799072
  38           "ng" 1220  3360.739502 3656.721924 3395.827148
  39           "ow" 1653  5646.464844 7723.964355 5456.487305
  40           "oy"  304  1098.009033 1963.954956 1805.161865
  41           "sh" 1317  5515.910156 7439.363770 4648.990723
  42           "th"  745  2468.452148 2439.973633 2172.021240
  43           "uh"  500  989.639038 1243.048096 828.409607
  44           "uw" 1952  5272.985352 6685.085449 5428.292969
  45           "zh"  149  609.874023 568.584290 531.792786
  46          "epi"  908  1587.896484 1317.895264 1488.089355
  47          "sil" 8283  47195.320312 44446.261719 49954.542969
  48          "vcl" 1672  2942.984619 3045.415283 4346.228516
