   1            "b" 2181  7434.132812 4035.346436 3083.884033
   2            "d" 2432  7169.187988 3533.190918 4694.791504
   3            "f" 2215  6799.421875 10611.535156 6315.409180
   4            "g" 1191  3643.382568 2329.635010 2516.674316
   5            "k" 3794  12971.364258 7979.327637 14780.806641
   6            "l" 4425  14474.810547 11065.697266 9522.772461
   7            "m" 3566  11025.177734 8804.835938 6002.890137
   8            "n" 6896  16371.864258 12838.582031 11888.088867
   9            "p" 2588  8734.329102 6783.514160 9547.940430
  10            "r" 4681  9999.148438 10761.552734 10466.570312
  11            "s" 6176  19711.615234 37194.468750 20516.044922
  12            "t" 3948  11984.515625 6836.220215 14758.118164
  13            "v" 1994  3491.551514 4122.277832 4356.973145
  14            "w" 2216  5747.027832 6741.596680 5205.058105
  15            "y"  995  2544.103027 2611.725342 2701.520264
  16            "z" 3682  12164.706055 14245.119141 11694.292969
  17           "aa" 2256  7329.915527 12944.533203 7379.585938
  18           "ae" 2292  8921.441406 13535.873047 7541.969727
  19           "ah" 2266  7404.161621 6468.480469 4650.884277
  20           "ao" 1865  6766.323242 10163.285156 5878.696777
  21           "aw"  728  3544.262207 4816.283691 3160.636719
  22           "ax" 3892  6440.288086 6257.932129 4798.512695
  23           "ay" 1934  7264.923340 12145.065430 9136.932617
  24           "ch"  820  3704.349365 3504.891357 2842.485840
  25           "cl" 2744  4904.159668 6439.333008 5994.755859
  26           "dh" 2376  4748.415527 4105.047852 3394.282471
  27           "dx" 1864  2320.619385 2289.095459 2596.596436
  28           "eh" 3277  8403.108398 11250.860352 8359.644531
  29           "el"  951  2463.199707 4497.123535 2850.249268
  30           "en"  630  1483.408447 2483.190430 1626.845825
  31           "er" 4138  10592.353516 17319.365234 12473.626953
  32           "ey" 2271  8407.624023 11376.349609 6912.884766
  33           "hh" 1660  5827.475098 2996.577393 2989.297852
  34           "ih" 4248  12903.699219 9096.387695 7486.841309
  35           "ix" 7370  12875.209961 12237.689453 9887.321289
  36           "iy" 4626  10630.292969 20483.435547 13738.497070
  37           "jh" 1013  3286.820557 3732.258789 3373.069336
  38           "ng" 1220  3256.679443 3194.793457 2888.016846
  39           "ow" 1653  6488.840332 8138.788574 4675.550781
  40           "oy"  304  1878.119629 1557.098267 1152.114868
  41           "sh" 1317  5327.174316 7398.904297 4853.636719
  42           "th"  745  2520.852539 2646.334961 1818.052979
  43           "uh"  500  1475.196289 1109.761108 781.105713
  44           "uw" 1952  4868.644531 7639.802246 4763.453613
  45           "zh"  149  571.928040 484.509216 514.312378
  46          "epi"  908  1813.141724 1335.708984 1308.194702
  47          "sil" 8283  53426.441406 54514.585938 35011.460938
  48          "vcl" 1672  2410.307373 3101.685059 3645.952881
