   1            "b" 2181  7146.105957 4551.757812 3390.212646
   2            "d" 2432  6962.958008 3350.099121 4593.088867
   3            "f" 2215  7019.942871 10522.714844 5687.973633
   4            "g" 1191  3545.434082 2185.569580 2950.446045
   5            "k" 3794  11268.699219 9257.435547 15134.906250
   6            "l" 4425  11450.744141 12230.208008 11990.658203
   7            "m" 3566  7381.603027 9953.797852 9371.888672
   8            "n" 6896  11506.155273 16597.478516 14611.870117
   9            "p" 2588  8876.371094 7038.553223 8495.215820
  10            "r" 4681  9884.842773 11248.670898 10914.597656
  11            "s" 6176  21713.833984 35632.378906 20452.031250
  12            "t" 3948  11960.867188 8002.920410 12350.226562
  13            "v" 1994  3530.769043 4027.314941 4723.282715
  14            "w" 2216  6221.076660 6665.098633 5489.484375
  15            "y"  995  2516.834473 2719.410889 2730.954346
  16            "z" 3682  13419.714844 13840.051758 10400.118164
  17           "aa" 2256  6707.304199 11956.506836 8216.109375
  18           "ae" 2292  8950.698242 12570.883789 7347.557129
  19           "ah" 2266  5754.643066 7398.001465 5304.959961
  20           "ao" 1865  6168.590820 9959.259766 6621.689941
  21           "aw"  728  3021.818848 4771.907715 3620.812744
  22           "ax" 3892  5770.137695 5579.720703 5915.029785
  23           "ay" 1934  7398.062988 10969.261719 9749.340820
  24           "ch"  820  2942.666016 2912.932129 4081.361328
  25           "cl" 2744  4867.924805 4340.408203 8527.874023
  26           "dh" 2376  4644.790527 3586.815674 3965.494873
  27           "dx" 1864  2699.548584 2318.500977 3139.195312
  28           "eh" 3277  8526.580078 10416.574219 8167.395996
  29           "el"  951  2780.945557 4375.424805 2912.091064
  30           "en"  630  1475.125366 2620.950439 1651.441406
  31           "er" 4138  12092.909180 16242.930664 12148.471680
  32           "ey" 2271  8425.120117 10984.243164 7340.172852
  33           "hh" 1660  4722.434082 3630.694580 3517.557861
  34           "ih" 4248  8999.884766 11586.301758 8644.821289
  35           "ix" 7370  11067.352539 12185.073242 11325.937500
  36           "iy" 4626  11223.876953 20944.775391 12951.827148
  37           "jh" 1013  3021.359375 3182.518799 4083.593506
  38           "ng" 1220  3127.757324 3362.236328 3458.749512
  39           "ow" 1653  5296.587402 9044.654297 5126.260254
  40           "oy"  304  941.504578 2328.190186 1667.644043
  41           "sh" 1317  5473.555664 7440.854492 4372.325195
  42           "th"  745  2288.645020 2465.781250 2254.894287
  43           "uh"  500  1036.489746 1244.266602 1028.004395
  44           "uw" 1952  5238.215332 7709.246582 4826.250488
  45           "zh"  149  493.928711 563.565918 541.548401
  46          "epi"  908  1588.950317 1312.699707 1362.700684
  47          "sil" 8283  49711.566406 46537.015625 44729.566406
  48          "vcl" 1672  2921.532959 2545.398438 4237.337891
