   1            "b" 2181  7341.768066 4023.131592 3121.883057
   2            "d" 2432  7056.297363 3530.441895 4791.812500
   3            "f" 2215  6636.020996 10673.770508 6467.001465
   4            "g" 1191  3604.155273 2319.969727 2440.009766
   5            "k" 3794  12753.302734 7747.615234 15050.734375
   6            "l" 4425  14007.525391 11207.959961 9299.360352
   7            "m" 3566  11315.045898 8405.359375 6102.072266
   8            "n" 6896  16439.091797 12791.923828 11476.050781
   9            "p" 2588  8636.965820 6910.653809 9629.236328
  10            "r" 4681  9691.617188 10991.146484 10305.406250
  11            "s" 6176  19515.835938 37547.761719 20703.326172
  12            "t" 3948  11755.568359 6982.207520 14823.143555
  13            "v" 1994  3426.150391 4003.700928 4334.559082
  14            "w" 2216  5829.256836 6498.424316 5213.861328
  15            "y"  995  2507.061279 2521.255371 2725.000488
  16            "z" 3682  11922.308594 14317.877930 11753.042969
  17           "aa" 2256  7392.749512 13328.827148 7275.500977
  18           "ae" 2292  8684.796875 13852.261719 7746.978516
  19           "ah" 2266  7581.812012 6329.216797 4759.177734
  20           "ao" 1865  6648.546875 10432.612305 5702.977539
  21           "aw"  728  3433.752441 4978.297852 3133.619141
  22           "ax" 3892  6502.340820 6412.916016 4826.940430
  23           "ay" 1934  7032.401855 12788.127930 9039.614258
  24           "ch"  820  3606.999268 3606.129639 2833.354980
  25           "cl" 2744  4720.639160 6629.006348 6005.361816
  26           "dh" 2376  4885.798828 4166.245117 3200.442627
  27           "dx" 1864  2301.861328 2353.120605 2495.545410
  28           "eh" 3277  8302.352539 11401.006836 8615.901367
  29           "el"  951  2475.803467 4468.914062 2745.291748
  30           "en"  630  1496.771973 2410.554443 1594.521851
  31           "er" 4138  10059.045898 17867.472656 12295.575195
  32           "ey" 2271  8116.567383 11530.897461 7135.956543
  33           "hh" 1660  5902.795898 2800.361816 2943.557373
  34           "ih" 4248  12804.466797 9226.592773 7563.924316
  35           "ix" 7370  12658.465820 12677.528320 9908.605469
  36           "iy" 4626  10432.364258 20329.394531 13595.285156
  37           "jh" 1013  3156.311768 3805.597412 3387.222900
  38           "ng" 1220  3248.296875 3139.122559 2803.901855
  39           "ow" 1653  6397.776367 8377.303711 4651.930664
  40           "oy"  304  1932.662109 1513.455078 1154.362305
  41           "sh" 1317  5196.108398 7516.938965 4908.275879
  42           "th"  745  2524.975830 2712.797119 1775.709595
  43           "uh"  500  1500.648682 1102.312378 776.777283
  44           "uw" 1952  4727.764648 7760.777344 4588.951660
  45           "zh"  149  568.358826 481.212128 497.353577
  46          "epi"  908  1838.138672 1335.698364 1386.591064
  47          "sil" 8283  54171.515625 56147.816406 33454.285156
  48          "vcl" 1672  2411.324951 3152.185791 3522.434082
