   1            "b" 2181  7969.275879 4122.962402 4322.173340
   2            "d" 2432  7346.395020 4248.443848 4663.067871
   3            "f" 2215  7324.021973 10025.095703 5880.081055
   4            "g" 1191  4216.538574 2185.695801 3079.080566
   5            "k" 3794  14867.087891 9644.767578 13333.445312
   6            "l" 4425  12018.996094 10332.441406 11462.732422
   7            "m" 3566  9153.743164 9871.177734 8678.874023
   8            "n" 6896  14225.479492 14039.767578 16357.880859
   9            "p" 2588  12478.134766 6505.761230 7119.420898
  10            "r" 4681  9659.323242 9599.353516 10722.264648
  11            "s" 6176  27368.082031 30703.005859 15768.923828
  12            "t" 3948  13299.619141 9324.454102 12019.657227
  13            "v" 1994  3563.706299 4328.672363 4833.996582
  14            "w" 2216  6373.132324 6343.453613 5839.431152
  15            "y"  995  2553.122559 2405.733398 2885.538818
  16            "z" 3682  13028.740234 14385.202148 9469.137695
  17           "aa" 2256  6673.206543 11750.980469 7620.696289
  18           "ae" 2292  7504.268555 13135.911133 7544.096191
  19           "ah" 2266  5515.813965 7150.087402 4449.838379
  20           "ao" 1865  5944.597656 10655.173828 6214.472168
  21           "aw"  728  2860.301025 5104.587891 3408.674805
  22           "ax" 3892  6029.833008 5247.250977 5617.230957
  23           "ay" 1934  7228.917480 11878.876953 8621.708984
  24           "ch"  820  2998.051270 3840.858398 3525.469482
  25           "cl" 2744  4849.232422 4854.190430 9001.857422
  26           "dh" 2376  5083.623047 3647.254639 4165.595703
  27           "dx" 1864  2483.722656 2777.600586 3148.606201
  28           "eh" 3277  8509.225586 10256.487305 7107.076172
  29           "el"  951  2904.459961 3741.491699 2749.695312
  30           "en"  630  1514.495850 2423.234131 1660.814697
  31           "er" 4138  11816.022461 15825.295898 10736.642578
  32           "ey" 2271  8035.442871 11569.489258 6495.646484
  33           "hh" 1660  4388.867676 4947.172363 3873.786865
  34           "ih" 4248  9034.821289 10887.099609 7963.609863
  35           "ix" 7370  11449.537109 11035.166992 10597.127930
  36           "iy" 4626  12024.605469 19068.785156 12619.092773
  37           "jh" 1013  3259.364746 3332.760742 3771.930176
  38           "ng" 1220  3141.642090 3768.217285 3313.461182
  39           "ow" 1653  5418.712891 8694.399414 5418.197754
  40           "oy"  304  1098.691772 2000.238892 1905.064697
  41           "sh" 1317  5070.620117 7963.129395 4177.759766
  42           "th"  745  2342.719727 2488.068848 2080.183838
  43           "uh"  500  959.483887 1357.300171 862.797119
  44           "uw" 1952  5052.207520 6997.022461 5243.911621
  45           "zh"  149  575.419983 558.504333 522.529602
  46          "epi"  908  1452.298462 1288.014282 1449.392334
  47          "sil" 8283  49627.640625 49350.886719 46264.351562
  48          "vcl" 1672  2873.781006 2967.806396 4459.391113
