   1            "b" 2181  7733.116699 3990.031982 3065.900879
   2            "d" 2432  7218.052734 3568.908936 4635.657715
   3            "f" 2215  6920.405273 10514.353516 6060.148926
   4            "g" 1191  3731.130615 2353.894287 2738.282959
   5            "k" 3794  13374.733398 8548.174805 13979.522461
   6            "l" 4425  14183.355469 11569.645508 9906.848633
   7            "m" 3566  11185.343750 8635.574219 6258.869629
   8            "n" 6896  15575.727539 14233.577148 12296.719727
   9            "p" 2588  8413.991211 6988.719238 9341.523438
  10            "r" 4681  10084.689453 10507.656250 10222.434570
  11            "s" 6176  20543.386719 34489.558594 21639.480469
  12            "t" 3948  11897.515625 7596.844238 13760.173828
  13            "v" 1994  3663.977539 3977.253662 4472.526367
  14            "w" 2216  5759.853027 6783.152832 5655.818848
  15            "y"  995  2802.961670 2749.083496 2705.906006
  16            "z" 3682  12863.421875 13661.893555 11060.057617
  17           "aa" 2256  7466.095703 11461.058594 8394.546875
  18           "ae" 2292  9459.424805 12372.340820 7499.664551
  19           "ah" 2266  7338.095703 6322.024902 4614.193848
  20           "ao" 1865  6994.630371 9565.026367 6435.526367
  21           "aw"  728  3732.390137 4343.641602 3395.547607
  22           "ax" 3892  6729.575684 5534.575684 5005.309082
  23           "ay" 1934  7525.739258 10782.368164 9705.696289
  24           "ch"  820  3855.729492 3429.040771 2930.282471
  25           "cl" 2744  5120.475586 6380.697754 6198.351562
  26           "dh" 2376  5131.836426 3995.363770 3706.808594
  27           "dx" 1864  2458.300049 2340.561768 2742.762695
  28           "eh" 3277  8405.829102 10769.988281 8376.069336
  29           "el"  951  2649.911621 4402.360352 3015.977539
  30           "en"  630  1587.110596 2525.021484 1681.734741
  31           "er" 4138  11537.895508 16146.473633 12562.780273
  32           "ey" 2271  8794.743164 10923.874023 6939.890137
  33           "hh" 1660  5458.947266 3389.705078 3275.021729
  34           "ih" 4248  12638.839844 9651.787109 7164.634766
  35           "ix" 7370  13099.787109 11729.652344 9856.977539
  36           "iy" 4626  11589.186523 19991.259766 13685.828125
  37           "jh" 1013  3662.527100 3522.460693 3298.809814
  38           "ng" 1220  3355.739014 3281.562744 3132.622314
  39           "ow" 1653  6247.879395 7863.855469 5282.878418
  40           "oy"  304  2075.205322 1535.376587 1196.693237
  41           "sh" 1317  5022.766113 7226.642090 5139.271973
  42           "th"  745  2418.537109 2623.039795 1953.609619
  43           "uh"  500  1375.701050 1099.632324 819.575012
  44           "uw" 1952  5633.043457 7013.881836 4833.787598
  45           "zh"  149  594.596985 463.512451 511.046692
  46          "epi"  908  1769.695679 1372.184692 1282.961060
  47          "sil" 8283  50493.535156 45491.523438 44972.613281
  48          "vcl" 1672  2878.631104 2877.204346 3760.841553
