   1            "b" 2181  8513.198242 2985.845215 4045.012939
   2            "d" 2432  8070.227539 3583.281494 3946.942871
   3            "f" 2215  6791.921875 10909.538086 4846.538086
   4            "g" 1191  4506.759277 1858.525635 1885.464478
   5            "k" 3794  16609.601562 6978.831543 11922.771484
   6            "l" 4425  9151.995117 17893.812500 9607.549805
   7            "m" 3566  5975.041504 12720.551758 5889.149414
   8            "n" 6896  12195.782227 17181.085938 16046.575195
   9            "p" 2588  13393.756836 4314.415039 6851.299316
  10            "r" 4681  9024.804688 7968.846680 12153.264648
  11            "s" 6176  39937.812500 20474.820312 12551.587891
  12            "t" 3948  14834.319336 8557.099609 10852.963867
  13            "v" 1994  2457.240234 3456.185059 6805.960449
  14            "w" 2216  5991.684570 4487.723145 5372.173828
  15            "y"  995  2084.630371 2241.395508 4062.092285
  16            "z" 3682  12262.722656 16095.667969 7768.336426
  17           "aa" 2256  4872.936035 16604.890625 5002.089355
  18           "ae" 2292  5439.548828 18298.275391 5569.222656
  19           "ah" 2266  4209.440430 9610.393555 4202.788086
  20           "ao" 1865  5300.197266 15544.420898 3842.075684
  21           "aw"  728  2071.186035 6356.831055 2589.779785
  22           "ax" 3892  5137.823242 6505.195312 5643.061523
  23           "ay" 1934  5222.994141 18043.105469 6031.491699
  24           "ch"  820  3146.589355 3454.485840 3463.004639
  25           "cl" 2744  4650.432129 5373.078613 9709.566406
  26           "dh" 2376  4397.578125 3316.489258 3811.510742
  27           "dx" 1864  2518.287354 2355.276611 3979.829102
  28           "eh" 3277  6406.220703 14894.813477 5933.818848
  29           "el"  951  2110.220703 4937.280762 2649.243896
  30           "en"  630  1338.051880 2734.573975 1674.569824
  31           "er" 4138  8476.751953 23429.099609 9499.014648
  32           "ey" 2271  5425.698730 15755.422852 5997.564453
  33           "hh" 1660  4550.170898 3980.059814 3838.301270
  34           "ih" 4248  6768.020996 13459.109375 8163.386719
  35           "ix" 7370  9656.905273 13271.412109 10776.732422
  36           "iy" 4626  9211.000977 23957.931641 10833.265625
  37           "jh" 1013  3211.671143 2336.969238 4208.227539
  38           "ng" 1220  3237.779541 4458.270996 2867.192871
  39           "ow" 1653  4310.772461 12227.252930 4191.037598
  40           "oy"  304  1185.797363 2514.245361 1470.358765
  41           "sh" 1317  4105.093750 8711.382812 3647.192383
  42           "th"  745  2182.426514 2291.412598 2022.084473
  43           "uh"  500  801.466919 1526.989380 802.387573
  44           "uw" 1952  3315.105225 7838.324219 5506.428223
  45           "zh"  149  406.823547 632.016357 486.194427
  46          "epi"  908  1148.584473 1222.045288 1847.958252
  47          "sil" 8283  62526.457031 55012.570312 28154.697266
  48          "vcl" 1672  2444.794189 2912.001953 4938.961426
