   1            "b" 2181  7892.548828 4721.548340 4433.489746
   2            "d" 2432  7708.300293 4215.858398 4699.852539
   3            "f" 2215  7413.117188 9771.595703 6477.601562
   4            "g" 1191  4061.155762 2586.356445 3405.985352
   5            "k" 3794  14718.534180 10832.162109 12710.392578
   6            "l" 4425  12474.121094 10880.615234 11216.639648
   7            "m" 3566  9086.717773 10414.857422 8719.041016
   8            "n" 6896  14300.515625 13569.801758 15980.043945
   9            "p" 2588  12445.805664 6618.270020 7379.050293
  10            "r" 4681  9634.002930 9724.001953 10705.038086
  11            "s" 6176  26489.193359 31486.236328 17453.433594
  12            "t" 3948  13705.913086 10157.972656 11091.660156
  13            "v" 1994  4140.610352 4618.632812 4695.976562
  14            "w" 2216  6528.809082 6446.734863 5870.759277
  15            "y"  995  2843.012207 2583.940186 2878.145264
  16            "z" 3682  13240.836914 14009.333008 10292.909180
  17           "aa" 2256  7268.428711 10751.082031 7927.002930
  18           "ae" 2292  7628.677734 11984.791016 8007.558594
  19           "ah" 2266  5672.781250 6351.809570 4325.625000
  20           "ao" 1865  6115.626465 9750.480469 6557.276367
  21           "aw"  728  3199.687500 4509.683594 3495.452881
  22           "ax" 3892  5974.149902 5010.606445 5185.754395
  23           "ay" 1934  7763.999023 10689.723633 8738.774414
  24           "ch"  820  3237.412598 3659.573486 3587.983154
  25           "cl" 2744  5205.163574 4989.257324 8817.646484
  26           "dh" 2376  5083.517090 4003.745605 4317.227051
  27           "dx" 1864  2779.827148 2906.213867 3087.718750
  28           "eh" 3277  8109.198242 9923.268555 6945.102539
  29           "el"  951  3054.913086 3763.578613 2735.817627
  30           "en"  630  1640.456177 2263.376465 1775.670654
  31           "er" 4138  11757.003906 14841.125977 11133.097656
  32           "ey" 2271  8325.680664 10643.304688 7032.605469
  33           "hh" 1660  4873.265625 4905.821289 3874.418701
  34           "ih" 4248  9054.733398 10113.080078 7880.073242
  35           "ix" 7370  11256.962891 10449.371094 10244.912109
  36           "iy" 4626  12441.825195 18336.832031 12759.966797
  37           "jh" 1013  3612.619385 3431.662842 3984.504395
  38           "ng" 1220  3346.857666 3681.667725 3382.148438
  39           "ow" 1653  5674.680664 7750.963867 5458.710938
  40           "oy"  304  1096.612793 1953.025146 1822.354004
  41           "sh" 1317  5491.676270 7479.874512 4562.676270
  42           "th"  745  2472.592773 2425.200928 2175.344727
  43           "uh"  500  997.834412 1259.799194 836.742493
  44           "uw" 1952  5298.723145 6666.147949 5448.805176
  45           "zh"  149  614.586487 564.039429 535.657166
  46          "epi"  908  1577.730957 1331.174927 1476.074341
  47          "sil" 8283  46763.703125 45696.917969 49553.625000
  48          "vcl" 1672  2934.248047 3045.617676 4366.980957
