   1            "b" 2181  8693.775391 3675.184082 3402.829590
   2            "d" 2432  8231.556641 3047.247559 4109.762207
   3            "f" 2215  7879.261230 9121.145508 5225.007812
   4            "g" 1191  4886.614746 2028.787842 1827.829834
   5            "k" 3794  16680.433594 6117.512207 10033.299805
   6            "l" 4425  8124.076172 19851.757812 8849.039062
   7            "m" 3566  5542.861816 12492.771484 5880.884766
   8            "n" 6896  15065.686523 15481.668945 17477.972656
   9            "p" 2588  13925.647461 4427.754883 6466.806152
  10            "r" 4681  9320.124023 9415.596680 11995.095703
  11            "s" 6176  36128.089844 26497.037109 12073.591797
  12            "t" 3948  15466.908203 7019.075195 12378.966797
  13            "v" 1994  3065.873047 2756.659424 5966.668945
  14            "w" 2216  6087.357910 4573.683105 6833.301758
  15            "y"  995  2073.906738 2183.844482 4459.007324
  16            "z" 3682  17120.908203 12237.760742 7436.422363
  17           "aa" 2256  4552.495117 13427.789062 9024.662109
  18           "ae" 2292  4963.818848 18717.089844 5705.021973
  19           "ah" 2266  4090.413330 8962.603516 4573.943848
  20           "ao" 1865  4361.425293 16677.105469 4308.875488
  21           "aw"  728  1886.821045 6744.400879 3039.339844
  22           "ax" 3892  5266.912109 4777.074219 6275.125488
  23           "ay" 1934  4480.188965 18047.597656 6858.473145
  24           "ch"  820  3638.057373 3405.886963 3489.817383
  25           "cl" 2744  5388.257324 4850.466309 10833.258789
  26           "dh" 2376  4043.511475 3213.909424 3977.504883
  27           "dx" 1864  4653.541992 2468.833496 3217.511230
  28           "eh" 3277  6107.253906 14085.342773 6342.116699
  29           "el"  951  3636.612061 3605.480225 2428.908691
  30           "en"  630  1405.295532 2672.089111 1607.090576
  31           "er" 4138  14677.503906 16932.357422 8307.008789
  32           "ey" 2271  5074.768555 16093.111328 6386.690430
  33           "hh" 1660  3881.281494 3327.850342 5084.358398
  34           "ih" 4248  6434.652832 10692.859375 9734.682617
  35           "ix" 7370  9740.411133 9306.604492 10130.136719
  36           "iy" 4626  9309.158203 23453.824219 9870.058594
  37           "jh" 1013  3315.382568 2603.101807 4210.787109
  38           "ng" 1220  3775.319824 3997.892090 3180.695801
  39           "ow" 1653  4065.365479 12605.051758 4365.205078
  40           "oy"  304  958.696106 2802.483398 1415.516602
  41           "sh" 1317  4268.868164 8279.487305 3377.401123
  42           "th"  745  2391.895264 2303.434326 2048.751709
  43           "uh"  500  772.993164 1017.136108 706.022400
  44           "uw" 1952  3605.703369 6125.173340 5624.521973
  45           "zh"  149  319.828949 710.454773 491.776398
  46          "epi"  908  1045.252686 986.365295 1946.951294
  47          "sil" 8283  60422.195312 58518.789062 27682.697266
  48          "vcl" 1672  2700.412354 2702.976562 5590.047852
