   1            "b" 2181  8746.627930 3163.576416 4040.353271
   2            "d" 2432  8377.312500 3676.620850 4039.024902
   3            "f" 2215  7406.303711 10106.768555 4798.472656
   4            "g" 1191  4697.225586 1917.067749 1912.945312
   5            "k" 3794  17603.673828 6759.922852 11674.206055
   6            "l" 4425  9362.589844 19916.716797 9133.854492
   7            "m" 3566  6542.756836 12333.482422 5926.741699
   8            "n" 6896  13894.353516 15946.798828 17473.820312
   9            "p" 2588  14131.620117 4242.063477 6817.762207
  10            "r" 4681  8866.800781 8034.058594 14106.240234
  11            "s" 6176  43233.785156 17501.058594 12512.263672
  12            "t" 3948  15730.684570 8696.233398 10599.779297
  13            "v" 1994  2494.677246 3116.976074 7225.116211
  14            "w" 2216  6085.791992 4566.631836 5594.344727
  15            "y"  995  2051.355225 2338.928467 4465.773926
  16            "z" 3682  14667.698242 13990.799805 7602.258789
  17           "aa" 2256  4501.374512 12812.385742 6414.891113
  18           "ae" 2292  5181.716309 18119.892578 5327.743652
  19           "ah" 2266  4086.506836 9326.817383 4071.254395
  20           "ao" 1865  5240.442871 15869.430664 3837.404785
  21           "aw"  728  1999.155640 6352.546875 2740.165283
  22           "ax" 3892  5401.166016 5992.449219 5706.063965
  23           "ay" 1934  5129.209961 18049.718750 5917.702637
  24           "ch"  820  3323.578613 3481.848877 3387.116943
  25           "cl" 2744  5230.727539 5391.755371 9974.196289
  26           "dh" 2376  4301.377930 3312.496826 3974.162354
  27           "dx" 1864  3435.786865 2326.425293 4004.420898
  28           "eh" 3277  6205.977539 13954.724609 5748.788574
  29           "el"  951  2207.704590 4766.303711 2679.761475
  30           "en"  630  1306.324829 2666.551270 1679.433716
  31           "er" 4138  8560.096680 22306.373047 9317.245117
  32           "ey" 2271  5252.755859 15583.317383 6028.267578
  33           "hh" 1660  4584.146973 3865.233154 4322.709961
  34           "ih" 4248  6390.686035 12415.073242 8520.038086
  35           "ix" 7370  9644.689453 12435.755859 10332.582031
  36           "iy" 4626  9152.105469 23207.966797 10927.946289
  37           "jh" 1013  3337.417969 2401.843506 4168.300293
  38           "ng" 1220  3354.101807 4267.653809 3000.404053
  39           "ow" 1653  4241.103516 12230.391602 4100.245605
  40           "oy"  304  1136.648438 2438.112793 1571.513306
  41           "sh" 1317  4155.445312 8661.367188 3578.216309
  42           "th"  745  2364.072510 2292.470215 1998.388062
  43           "uh"  500  753.250122 1432.155273 737.364624
  44           "uw" 1952  3107.474121 6206.981934 5869.607422
  45           "zh"  149  417.255890 657.595215 499.634460
  46          "epi"  908  1132.703735 1104.735718 2051.109375
  47          "sil" 8283  62371.207031 53567.652344 28552.623047
  48          "vcl" 1672  2695.587646 2823.002686 5136.439453
