   1            "b" 2181  7601.388672 4049.968750 3061.566406
   2            "d" 2432  7225.987305 3596.819824 4637.209961
   3            "f" 2215  6822.555176 10720.979492 6125.952637
   4            "g" 1191  3631.073242 2256.819824 2720.265137
   5            "k" 3794  13128.648438 8290.207031 14318.145508
   6            "l" 4425  14228.058594 11478.441406 9533.607422
   7            "m" 3566  10983.780273 8862.194336 6060.862793
   8            "n" 6896  15933.006836 13580.840820 12106.416992
   9            "p" 2588  8633.665039 6776.680176 9451.606445
  10            "r" 4681  9953.989258 10647.276367 10388.134766
  11            "s" 6176  19766.230469 36335.234375 20895.521484
  12            "t" 3948  12097.594727 7046.156738 14482.695312
  13            "v" 1994  3578.179932 4040.845947 4468.817383
  14            "w" 2216  5707.789551 6819.673828 5455.620605
  15            "y"  995  2670.499512 2734.662109 2676.512451
  16            "z" 3682  12644.637695 13963.576172 11459.909180
  17           "aa" 2256  7358.033203 12091.256836 7953.800781
  18           "ae" 2292  9263.895508 12877.894531 7489.861816
  19           "ah" 2266  7316.209961 6491.523926 4531.497070
  20           "ao" 1865  6832.521973 9872.919922 6154.393555
  21           "aw"  728  3629.655762 4520.761230 3325.798340
  22           "ax" 3892  6549.225586 5901.171875 4916.086914
  23           "ay" 1934  7376.444824 11256.736328 9586.860352
  24           "ch"  820  3836.855713 3453.065430 2794.627930
  25           "cl" 2744  4988.273926 6334.607910 6183.087402
  26           "dh" 2376  5010.254395 3975.988037 3605.548584
  27           "dx" 1864  2388.504639 2308.646973 2700.564941
  28           "eh" 3277  8409.676758 10824.829102 8555.390625
  29           "el"  951  2529.129883 4443.988770 2945.796387
  30           "en"  630  1547.075317 2490.430908 1639.616089
  31           "er" 4138  10980.774414 16830.339844 12470.861328
  32           "ey" 2271  8656.732422 11177.527344 6784.168945
  33           "hh" 1660  5640.063965 3175.320801 3184.664551
  34           "ih" 4248  12772.686523 9359.317383 7271.170898
  35           "ix" 7370  13109.853516 11970.677734 9772.818359
  36           "iy" 4626  11023.627930 20527.128906 13686.974609
  37           "jh" 1013  3481.309082 3606.483887 3337.697021
  38           "ng" 1220  3226.786865 3261.212891 3002.428223
  39           "ow" 1653  6368.287109 8088.896973 4844.390137
  40           "oy"  304  1918.530640 1529.026123 1178.318115
  41           "sh" 1317  5365.538574 7204.359375 4872.331055
  42           "th"  745  2514.423584 2582.321777 1885.654785
  43           "uh"  500  1437.339111 1116.835205 788.214294
  44           "uw" 1952  5252.509277 7375.241211 4748.080566
  45           "zh"  149  571.135376 488.099274 528.515198
  46          "epi"  908  1767.409180 1341.804199 1299.205688
  47          "sil" 8283  52775.492188 50069.667969 39263.480469
  48          "vcl" 1672  2673.337158 2999.367432 3751.562988
