   1            "b" 2181  8567.140625 2776.504395 4908.671875
   2            "d" 2432  7491.784668 3805.726562 4588.467285
   3            "f" 2215  6628.681152 10270.393555 5523.028809
   4            "g" 1191  4255.820801 1991.162231 2357.046143
   5            "k" 3794  15235.650391 9018.177734 12718.002930
   6            "l" 4425  10542.878906 10730.926758 11407.802734
   7            "m" 3566  6923.729980 12645.278320 6783.650879
   8            "n" 6896  11542.042969 17487.832031 13253.649414
   9            "p" 2588  12529.753906 5961.130371 6917.088867
  10            "r" 4681  8975.784180 8638.332031 11044.339844
  11            "s" 6176  30516.644531 28734.599609 14437.890625
  12            "t" 3948  13025.990234 9585.684570 11671.471680
  13            "v" 1994  2830.027344 3771.706299 5575.382812
  14            "w" 2216  6069.184082 5337.715820 5997.696777
  15            "y"  995  2255.138184 2261.021240 2917.462891
  16            "z" 3682  10756.032227 16610.101562 8319.818359
  17           "aa" 2256  6801.570312 14585.634766 6591.416504
  18           "ae" 2292  6976.739258 15403.290039 7415.797363
  19           "ah" 2266  5253.391113 8933.048828 4108.380859
  20           "ao" 1865  5892.475098 12573.044922 5401.239746
  21           "aw"  728  2458.110352 5923.372070 3038.394531
  22           "ax" 3892  5490.641113 6391.493652 5421.529785
  23           "ay" 1934  5950.346680 14921.175781 8204.865234
  24           "ch"  820  2761.007080 4141.015625 3324.797119
  25           "cl" 2744  3992.900635 5034.170410 9333.215820
  26           "dh" 2376  4850.548340 3576.060791 3888.598633
  27           "dx" 1864  2206.755615 2211.164551 3518.780029
  28           "eh" 3277  7944.736816 14048.480469 6107.091309
  29           "el"  951  2616.979248 4222.026855 2589.014648
  30           "en"  630  1447.663574 2488.130371 1579.751953
  31           "er" 4138  10202.365234 20477.689453 9140.876953
  32           "ey" 2271  6941.360840 13978.176758 5919.616211
  33           "hh" 1660  3865.338867 5040.767578 3463.715088
  34           "ih" 4248  8612.693359 13316.657227 7724.619629
  35           "ix" 7370  10964.299805 12248.192383 10844.958984
  36           "iy" 4626  11321.467773 20905.875000 11488.148438
  37           "jh" 1013  3217.951416 3298.950928 3428.511475
  38           "ng" 1220  3063.422852 4294.089355 2782.939697
  39           "ow" 1653  4905.572266 11125.722656 4312.698730
  40           "oy"  304  1167.361938 2278.947266 1803.319092
  41           "sh" 1317  4441.500488 8641.745117 3820.632812
  42           "th"  745  2241.149414 2271.006836 2136.063232
  43           "uh"  500  936.676331 1449.765015 839.133789
  44           "uw" 1952  4347.295898 8338.982422 5388.187012
  45           "zh"  149  470.025970 594.842957 499.346680
  46          "epi"  908  1161.751831 1201.541992 1536.807617
  47          "sil" 8283  48920.632812 58131.152344 39530.503906
  48          "vcl" 1672  2304.374512 2808.233887 4862.011230
