   1            "b" 2181  10291.959961 3646.531250 2897.085449
   2            "d" 2432  7419.009766 3456.381104 3104.248047
   3            "f" 2215  8943.028320 7056.004395 5189.240234
   4            "g" 1191  3801.951416 1633.749390 1672.693970
   5            "k" 3794  19338.017578 5524.902832 5164.526855
   6            "l" 4425  22939.388672 19115.824219 11718.854492
   7            "m" 3566  9189.632812 11384.670898 10337.501953
   8            "n" 6896  21760.679688 17534.652344 14897.469727
   9            "p" 2588  17003.740234 3967.842285 3485.039062
  10            "r" 4681  8812.327148 10525.780273 12060.093750
  11            "s" 6176  47125.195312 17460.322266 11672.412109
  12            "t" 3948  19534.638672 6616.990723 6279.821289
  13            "v" 1994  7306.895996 5463.436523 4501.431641
  14            "w" 2216  6122.481445 4486.419922 5488.247070
  15            "y"  995  1788.974365 2460.048340 5650.485840
  16            "z" 3682  23214.888672 8490.792969 6779.824219
  17           "aa" 2256  4733.120117 6687.173828 9860.181641
  18           "ae" 2292  7067.871094 8898.975586 7428.574707
  19           "ah" 2266  4098.551270 4113.827637 4051.331543
  20           "ao" 1865  7820.005371 13586.729492 9069.689453
  21           "aw"  728  3292.165283 5764.016113 5188.824707
  22           "ax" 3892  5066.938477 4898.538086 5259.295410
  23           "ay" 1934  7784.370605 11262.806641 9333.054688
  24           "ch"  820  4135.624023 2782.619141 2871.609375
  25           "cl" 2744  4673.207520 4820.220703 9342.199219
  26           "dh" 2376  5779.335938 3429.457275 4142.367676
  27           "dx" 1864  17470.029297 5066.376953 3308.787109
  28           "eh" 3277  6510.230957 6408.204102 5898.214844
  29           "el"  951  3732.057861 2639.711670 2343.489014
  30           "en"  630  1680.099487 1728.085571 1968.892456
  31           "er" 4138  14297.018555 10211.758789 8240.009766
  32           "ey" 2271  6291.697266 7756.851074 6797.298340
  33           "hh" 1660  3115.152588 3298.139893 8227.718750
  34           "ih" 4248  6387.445801 6732.465820 7296.660156
  35           "ix" 7370  9291.054688 9319.122070 9327.109375
  36           "iy" 4626  14048.222656 13946.063477 10103.570312
  37           "jh" 1013  2695.523193 2692.594482 2946.895996
  38           "ng" 1220  8287.383789 3559.873047 2838.968994
  39           "ow" 1653  6272.879395 6821.386719 4778.630371
  40           "oy"  304  1357.216797 1854.445801 1945.842407
  41           "sh" 1317  6769.289551 5342.308105 3874.906006
  42           "th"  745  2181.765625 1476.663696 1266.367065
  43           "uh"  500  709.788208 700.849304 738.790649
  44           "uw" 1952  3931.648193 4810.594727 4973.203125
  45           "zh"  149  1816.318359 733.815674 494.469482
  46          "epi"  908  1285.658936 1215.736572 1217.062866
  47          "sil" 8283  84154.601562 41667.460938 25967.355469
  48          "vcl" 1672  2313.345703 2362.278564 3739.977295
