   1            "b" 2181  7921.917480 4679.931152 4425.641602
   2            "d" 2432  7718.030762 4211.789551 4702.332520
   3            "f" 2215  7389.703125 9798.981445 6430.086914
   4            "g" 1191  4077.186035 2578.368652 3386.693848
   5            "k" 3794  14752.477539 10784.008789 12736.298828
   6            "l" 4425  12387.410156 10898.919922 11194.446289
   7            "m" 3566  9047.954102 10445.427734 8709.171875
   8            "n" 6896  14226.763672 13490.525391 16086.777344
   9            "p" 2588  12423.785156 6649.809082 7364.722656
  10            "r" 4681  9625.984375 9722.739258 10685.537109
  11            "s" 6176  26566.552734 31448.261719 17432.931641
  12            "t" 3948  13695.650391 10127.682617 11138.341797
  13            "v" 1994  4133.650391 4595.475098 4715.187012
  14            "w" 2216  6543.238281 6443.891113 5845.380859
  15            "y"  995  2846.060547 2583.529541 2886.915527
  16            "z" 3682  13250.481445 14070.548828 10245.668945
  17           "aa" 2256  7250.836914 10780.683594 7936.857422
  18           "ae" 2292  7615.297852 12037.282227 7975.163574
  19           "ah" 2266  5657.983398 6370.822754 4335.548828
  20           "ao" 1865  6111.156738 9807.363281 6574.896973
  21           "aw"  728  3188.636230 4536.046387 3482.069092
  22           "ax" 3892  5998.161133 4996.116699 5192.396484
  23           "ay" 1934  7761.395996 10661.842773 8759.110352
  24           "ch"  820  3235.601562 3658.666504 3574.364014
  25           "cl" 2744  5196.289551 4968.827148 8844.975586
  26           "dh" 2376  5094.150391 3973.775879 4308.510254
  27           "dx" 1864  2771.645020 2904.547363 3095.444824
  28           "eh" 3277  8082.446777 9924.460938 6983.826660
  29           "el"  951  3056.230469 3772.970459 2714.290771
  30           "en"  630  1637.057373 2266.780762 1777.890869
  31           "er" 4138  11761.644531 14858.713867 11102.916016
  32           "ey" 2271  8322.541016 10679.152344 7000.448242
  33           "hh" 1660  4864.939453 4878.734863 3883.106445
  34           "ih" 4248  9054.339844 10140.558594 7882.696777
  35           "ix" 7370  11296.045898 10442.898438 10223.547852
  36           "iy" 4626  12465.454102 18355.984375 12702.316406
  37           "jh" 1013  3602.778564 3427.755371 3996.979980
  38           "ng" 1220  3343.200684 3699.438721 3376.900879
  39           "ow" 1653  5666.861328 7763.473145 5462.836914
  40           "oy"  304  1095.530273 1951.965576 1828.315918
  41           "sh" 1317  5485.191895 7501.539062 4531.589355
  42           "th"  745  2468.624756 2435.219971 2170.498779
  43           "uh"  500  1001.201965 1264.801880 838.510925
  44           "uw" 1952  5308.149414 6650.364746 5454.778809
  45           "zh"  149  614.557373 560.381958 538.396729
  46          "epi"  908  1576.862793 1333.413208 1469.527588
  47          "sil" 8283  46570.816406 45940.335938 49614.203125
  48          "vcl" 1672  2935.670654 3053.501953 4377.163574
