   1            "b" 2181  7165.299316 4589.623047 3487.973633
   2            "d" 2432  7013.049805 3489.157959 4584.169434
   3            "f" 2215  7091.759277 10501.742188 5625.819824
   4            "g" 1191  3500.090820 2351.630615 3096.410156
   5            "k" 3794  11577.883789 9304.862305 15045.899414
   6            "l" 4425  11801.470703 11807.896484 12381.277344
   7            "m" 3566  7450.038086 10067.625977 9357.809570
   8            "n" 6896  11862.797852 15730.473633 15223.861328
   9            "p" 2588  9044.855469 7099.054688 8525.806641
  10            "r" 4681  9964.353516 11134.197266 10859.204102
  11            "s" 6176  21775.410156 34752.023438 20971.486328
  12            "t" 3948  12004.292969 8035.977539 12499.271484
  13            "v" 1994  3685.109863 4189.963379 4594.570312
  14            "w" 2216  6322.148438 6506.700195 5708.288574
  15            "y"  995  2612.123047 2752.638916 2772.292969
  16            "z" 3682  13399.025391 13930.130859 10310.317383
  17           "aa" 2256  6917.829102 11426.513672 8368.095703
  18           "ae" 2292  9047.386719 12322.621094 7277.698730
  19           "ah" 2266  5847.529297 7173.880859 5250.313965
  20           "ao" 1865  6120.894531 9818.124023 6655.084473
  21           "aw"  728  3057.839600 4782.362793 3532.173096
  22           "ax" 3892  5847.137695 5530.372559 5724.443848
  23           "ay" 1934  7841.926270 10562.311523 9651.334961
  24           "ch"  820  2990.015381 3000.497559 4039.766357
  25           "cl" 2744  4855.359863 4548.718750 8459.108398
  26           "dh" 2376  4607.275391 3547.349609 4030.052246
  27           "dx" 1864  2689.221191 2274.143311 3152.573975
  28           "eh" 3277  8583.920898 10435.541016 7986.840820
  29           "el"  951  2799.209473 4382.835938 2905.681396
  30           "en"  630  1463.212158 2589.258301 1694.133179
  31           "er" 4138  12269.427734 15718.705078 12240.074219
  32           "ey" 2271  8421.838867 11000.302734 7264.856934
  33           "hh" 1660  4564.691406 3828.493896 3597.600098
  34           "ih" 4248  9098.316406 11225.811523 8737.812500
  35           "ix" 7370  11277.985352 11791.959961 11224.931641
  36           "iy" 4626  11415.866211 20736.882812 13037.222656
  37           "jh" 1013  3131.532715 3278.283936 4083.774658
  38           "ng" 1220  3108.180664 3327.490967 3550.261475
  39           "ow" 1653  5439.296387 8694.431641 5182.136719
  40           "oy"  304  966.521240 2286.123779 1686.219604
  41           "sh" 1317  5466.861816 7350.886230 4460.804199
  42           "th"  745  2279.917725 2374.653564 2337.760742
  43           "uh"  500  1046.442627 1228.068481 1028.952759
  44           "uw" 1952  5225.922852 7554.843750 5048.081543
  45           "zh"  149  500.608795 567.053894 543.179443
  46          "epi"  908  1597.099731 1330.997925 1378.027222
  47          "sil" 8283  48428.257812 45629.734375 46159.050781
  48          "vcl" 1672  2868.472168 2541.435059 4340.012207
