   1            "b" 2181  6746.153320 4298.310059 3586.775146
   2            "d" 2432  6757.115234 3750.061035 5105.796875
   3            "f" 2215  6263.781250 10665.103516 7004.745605
   4            "g" 1191  3749.607178 2002.704712 2699.968262
   5            "k" 3794  13462.503906 6818.077637 16543.759766
   6            "l" 4425  11632.198242 9898.396484 6543.123047
   7            "m" 3566  12592.282227 6386.122559 5423.058105
   8            "n" 6896  18708.455078 10930.666016 10848.857422
   9            "p" 2588  8911.974609 6992.754883 10671.525391
  10            "r" 4681  10092.379883 12215.973633 7333.248535
  11            "s" 6176  16346.329102 40440.617188 20761.144531
  12            "t" 3948  11797.562500 6895.163086 16227.850586
  13            "v" 1994  3722.506104 4108.483887 4174.330566
  14            "w" 2216  5631.642090 5493.708496 5435.618652
  15            "y"  995  1950.106201 2787.128906 2399.837891
  16            "z" 3682  10817.605469 15114.911133 11878.553711
  17           "aa" 2256  5238.730469 17114.666016 6220.911621
  18           "ae" 2292  5961.049316 18143.609375 7220.750000
  19           "ah" 2266  9130.127930 5092.387695 4224.345215
  20           "ao" 1865  6281.463379 12505.016602 4292.425293
  21           "aw"  728  2472.092529 6085.022949 2455.606201
  22           "ax" 3892  6944.248535 5687.549316 5083.856934
  23           "ay" 1934  4567.218262 18168.669922 6737.873535
  24           "ch"  820  3570.389160 3906.095459 2810.920166
  25           "cl" 2744  5168.886230 8064.281250 5516.739746
  26           "dh" 2376  4232.798828 3478.456299 3250.008301
  27           "dx" 1864  2255.277832 2794.829590 2158.658447
  28           "eh" 3277  6644.826172 15789.682617 8333.536133
  29           "el"  951  2357.888672 4110.435547 2623.173096
  30           "en"  630  1472.101562 2398.151611 1295.018677
  31           "er" 4138  8625.786133 20807.544922 10434.631836
  32           "ey" 2271  5676.348145 14626.544922 6581.396484
  33           "hh" 1660  5937.232422 2711.965820 2563.469727
  34           "ih" 4248  14538.342773 8525.104492 7102.129395
  35           "ix" 7370  14298.995117 10756.572266 10079.699219
  36           "iy" 4626  10677.041992 19952.943359 10973.337891
  37           "jh" 1013  3119.777100 3550.918457 3606.978027
  38           "ng" 1220  3391.047607 3161.425537 2283.312012
  39           "ow" 1653  6147.554688 9198.895508 4024.661133
  40           "oy"  304  2020.128784 1892.978638 899.617554
  41           "sh" 1317  4024.570312 8663.582031 4712.605957
  42           "th"  745  2356.838623 2982.827637 1702.267822
  43           "uh"  500  1657.925903 827.692200 771.332886
  44           "uw" 1952  4524.732422 8291.564453 4061.665039
  45           "zh"  149  488.171753 562.442993 466.560699
  46          "epi"  908  1601.928589 1539.252930 1397.716553
  47          "sil" 8283  62321.457031 58117.082031 29237.644531
  48          "vcl" 1672  2929.734131 3962.429443 2975.803711
