   1            "b" 2181  7743.708984 3994.891602 3103.988037
   2            "d" 2432  7265.132812 3626.128174 4517.354004
   3            "f" 2215  6983.769043 10502.669922 6103.033691
   4            "g" 1191  3847.416260 2405.261963 2757.856201
   5            "k" 3794  13071.612305 9002.970703 13857.466797
   6            "l" 4425  14022.687500 11615.023438 10560.229492
   7            "m" 3566  11187.684570 8660.076172 6407.787598
   8            "n" 6896  15377.385742 14688.518555 12267.551758
   9            "p" 2588  8365.242188 7034.286621 9298.991211
  10            "r" 4681  10163.080078 10548.247070 10241.011719
  11            "s" 6176  20940.587891 33834.976562 21836.804688
  12            "t" 3948  11965.208984 7929.596191 13432.520508
  13            "v" 1994  3769.981934 3937.079834 4403.063477
  14            "w" 2216  6083.609863 6801.145020 5765.958008
  15            "y"  995  2782.383789 2721.735107 2759.417725
  16            "z" 3682  13010.068359 13222.366211 11308.511719
  17           "aa" 2256  7624.651367 11173.933594 8490.944336
  18           "ae" 2292  9537.170898 12079.560547 7603.222656
  19           "ah" 2266  7330.721680 6147.646484 4700.501465
  20           "ao" 1865  7082.494141 9425.668945 6366.192871
  21           "aw"  728  3839.782471 4266.877441 3411.359619
  22           "ax" 3892  6565.143066 5405.554688 5200.670410
  23           "ay" 1934  7803.831543 10361.867188 9742.454102
  24           "ch"  820  3835.581299 3359.580811 3039.457520
  25           "cl" 2744  5129.759766 6498.367188 6187.887695
  26           "dh" 2376  5145.681641 3873.002197 3867.564941
  27           "dx" 1864  2501.295898 2349.314453 2774.922119
  28           "eh" 3277  8473.058594 10831.111328 8156.071777
  29           "el"  951  2804.588623 4279.621582 3062.622070
  30           "en"  630  1611.243164 2523.843750 1686.132812
  31           "er" 4138  11716.946289 15810.085938 12662.894531
  32           "ey" 2271  8861.205078 10827.407227 6926.361816
  33           "hh" 1660  5359.017090 3629.039795 3282.237305
  34           "ih" 4248  12204.214844 9658.860352 7313.714355
  35           "ix" 7370  13208.093750 11364.375977 9942.497070
  36           "iy" 4626  11846.865234 19591.185547 13844.606445
  37           "jh" 1013  3727.764893 3543.859131 3261.463379
  38           "ng" 1220  3404.474854 3344.139893 3194.523926
  39           "ow" 1653  6276.922852 7695.162598 5373.076660
  40           "oy"  304  2062.218018 1541.180908 1222.917114
  41           "sh" 1317  4909.642090 7058.840820 5376.053711
  42           "th"  745  2416.900146 2589.230957 2018.105591
  43           "uh"  500  1350.706421 1088.527466 844.748413
  44           "uw" 1952  5780.463379 6843.797852 4820.236816
  45           "zh"  149  616.481689 453.236603 502.415924
  46          "epi"  908  1735.605957 1364.145874 1301.272217
  47          "sil" 8283  49651.917969 41579.542969 48365.781250
  48          "vcl" 1672  3010.214844 2929.579102 3640.280273
