   1            "b" 2181  7997.689453 3996.232422 4334.977539
   2            "d" 2432  7342.162109 4249.386719 4573.809570
   3            "f" 2215  7087.999512 10194.757812 5768.309082
   4            "g" 1191  4203.336426 2153.908447 2970.586670
   5            "k" 3794  14885.458008 9351.171875 13442.342773
   6            "l" 4425  12044.640625 10275.409180 11601.542969
   7            "m" 3566  8996.188477 10024.367188 8495.335938
   8            "n" 6896  13875.005859 14317.387695 16178.014648
   9            "p" 2588  12510.694336 6435.415527 7129.564453
  10            "r" 4681  9431.955078 9648.522461 10852.426758
  11            "s" 6176  27480.652344 30635.298828 15706.583008
  12            "t" 3948  13037.433594 9331.268555 12160.207031
  13            "v" 1994  3460.506348 4295.911621 4917.507324
  14            "w" 2216  6365.388672 6250.574707 5812.263184
  15            "y"  995  2521.981934 2441.112793 2859.477051
  16            "z" 3682  12772.754883 14495.728516 9559.995117
  17           "aa" 2256  6613.271484 12090.884766 7511.007812
  18           "ae" 2292  7450.347656 13269.683594 7501.784180
  19           "ah" 2266  5491.548828 7466.977539 4444.605469
  20           "ao" 1865  6082.302246 10855.531250 6041.153320
  21           "aw"  728  2805.136475 5193.904297 3352.428467
  22           "ax" 3892  6031.244141 5314.119141 5672.986328
  23           "ay" 1934  7030.904297 12207.047852 8650.613281
  24           "ch"  820  2984.679443 3894.648193 3441.460938
  25           "cl" 2744  4712.498047 4816.447754 8982.412109
  26           "dh" 2376  4993.731934 3660.831055 4133.318848
  27           "dx" 1864  2425.419434 2731.073730 3207.568848
  28           "eh" 3277  8480.816406 10492.405273 7114.729004
  29           "el"  951  2906.331299 3766.599609 2726.096680
  30           "en"  630  1527.670288 2388.490723 1650.248779
  31           "er" 4138  11874.457031 16150.860352 10539.769531
  32           "ey" 2271  7898.858398 11832.952148 6395.460938
  33           "hh" 1660  4312.661133 4947.799805 3802.383545
  34           "ih" 4248  9070.213867 11095.595703 7977.492676
  35           "ix" 7370  11383.092773 11361.993164 10573.398438
  36           "iy" 4626  11993.192383 19277.554688 12231.479492
  37           "jh" 1013  3249.494385 3351.569092 3686.903076
  38           "ng" 1220  3140.133545 3795.900879 3236.776123
  39           "ow" 1653  5390.597656 8991.487305 5217.493164
  40           "oy"  304  1094.273193 2034.732300 1871.980713
  41           "sh" 1317  5000.862793 8018.310059 4195.844727
  42           "th"  745  2364.109375 2456.315918 2090.042480
  43           "uh"  500  951.981140 1388.575806 862.476135
  44           "uw" 1952  5057.901855 7144.049316 5140.535156
  45           "zh"  149  576.275146 551.697083 526.389771
  46          "epi"  908  1475.156372 1251.784302 1450.039307
  47          "sil" 8283  48065.207031 53189.230469 44409.535156
  48          "vcl" 1672  2782.240234 2994.246338 4511.325684
