   1            "b" 2181  7721.519043 4000.374268 3080.925049
   2            "d" 2432  7223.918945 3559.758789 4643.447754
   3            "f" 2215  6950.262695 10513.076172 6093.146484
   4            "g" 1191  3755.329590 2365.655518 2745.832520
   5            "k" 3794  13295.347656 8670.283203 13962.583984
   6            "l" 4425  14199.673828 11548.750000 10071.393555
   7            "m" 3566  11163.199219 8654.068359 6269.704590
   8            "n" 6896  15404.993164 14378.344727 12375.504883
   9            "p" 2588  8360.625000 6993.597168 9343.770508
  10            "r" 4681  10078.931641 10596.526367 10245.181641
  11            "s" 6176  20634.642578 34305.703125 21694.595703
  12            "t" 3948  11936.444336 7706.092773 13704.195312
  13            "v" 1994  3688.588379 3951.127930 4456.459473
  14            "w" 2216  5863.444824 6789.562012 5660.508301
  15            "y"  995  2796.196289 2747.651367 2716.427979
  16            "z" 3682  12887.644531 13495.430664 11174.489258
  17           "aa" 2256  7503.687012 11360.102539 8425.770508
  18           "ae" 2292  9484.217773 12300.965820 7516.139648
  19           "ah" 2266  7331.692871 6258.212891 4655.650391
  20           "ao" 1865  7044.893066 9477.894531 6453.282715
  21           "aw"  728  3756.984131 4304.834961 3436.136475
  22           "ax" 3892  6688.863281 5465.534668 5081.187012
  23           "ay" 1934  7598.473145 10666.785156 9688.793945
  24           "ch"  820  3856.228271 3399.323730 2961.138672
  25           "cl" 2744  5098.019531 6449.182129 6194.062012
  26           "dh" 2376  5228.742188 3975.091309 3723.283936
  27           "dx" 1864  2470.353271 2340.491943 2739.503662
  28           "eh" 3277  8463.006836 10776.568359 8253.390625
  29           "el"  951  2702.102295 4347.387207 3032.471191
  30           "en"  630  1597.640991 2521.133545 1690.167969
  31           "er" 4138  11613.298828 15944.817383 12690.585938
  32           "ey" 2271  8820.881836 10864.523438 6948.700195
  33           "hh" 1660  5461.581055 3430.286133 3281.222412
  34           "ih" 4248  12540.622070 9633.404297 7235.551270
  35           "ix" 7370  13110.189453 11624.232422 9913.362305
  36           "iy" 4626  11648.626953 19854.345703 13798.141602
  37           "jh" 1013  3684.797852 3498.458496 3290.250000
  38           "ng" 1220  3365.632812 3296.643066 3167.551514
  39           "ow" 1653  6297.808105 7807.553711 5308.945801
  40           "oy"  304  2076.978516 1541.569824 1198.145996
  41           "sh" 1317  4965.996582 7175.902832 5223.140625
  42           "th"  745  2426.502930 2613.121338 1962.676270
  43           "uh"  500  1366.933228 1096.185913 825.893738
  44           "uw" 1952  5672.288086 6960.805176 4834.018066
  45           "zh"  149  603.955261 461.465607 506.122833
  46          "epi"  908  1757.385010 1372.074097 1282.063843
  47          "sil" 8283  50409.867188 43962.718750 46071.902344
  48          "vcl" 1672  2911.391602 2900.970947 3715.520508
