   1            "b" 2181  8020.153809 4531.187500 4456.633301
   2            "d" 2432  7728.500977 4241.570801 4683.811523
   3            "f" 2215  7320.318848 9956.575195 6242.258789
   4            "g" 1191  4143.212402 2509.776367 3237.995850
   5            "k" 3794  14882.284180 10680.664062 12811.019531
   6            "l" 4425  12242.474609 10752.492188 11194.922852
   7            "m" 3566  8889.119141 10416.367188 8800.263672
   8            "n" 6896  14032.769531 13473.860352 16447.148438
   9            "p" 2588  12317.160156 6864.368652 7305.475098
  10            "r" 4681  9691.962891 9671.852539 10519.024414
  11            "s" 6176  26529.072266 31450.636719 16982.414062
  12            "t" 3948  13592.319336 9985.815430 11432.838867
  13            "v" 1994  4072.163330 4431.576660 4819.693848
  14            "w" 2216  6522.574219 6338.483887 5843.027832
  15            "y"  995  2817.073242 2529.445068 2914.378174
  16            "z" 3682  13419.062500 14456.203125 9774.647461
  17           "aa" 2256  7097.591309 10982.548828 7891.928711
  18           "ae" 2292  7505.024414 12418.411133 7864.187988
  19           "ah" 2266  5596.035645 6472.378906 4385.525391
  20           "ao" 1865  5981.107910 10189.068359 6474.017090
  21           "aw"  728  3060.329102 4691.706055 3490.774170
  22           "ax" 3892  6042.814453 4998.426758 5278.192383
  23           "ay" 1934  7644.878906 10815.262695 8774.990234
  24           "ch"  820  3194.045166 3640.587891 3566.540527
  25           "cl" 2744  5134.092285 4863.285156 8944.184570
  26           "dh" 2376  5169.539551 3842.727295 4276.449707
  27           "dx" 1864  2717.333008 2844.849365 3081.175781
  28           "eh" 3277  8006.634766 10112.468750 7062.820312
  29           "el"  951  3031.880615 3780.631592 2707.880127
  30           "en"  630  1599.229858 2317.448486 1768.444946
  31           "er" 4138  11857.704102 15049.963867 10905.434570
  32           "ey" 2271  8311.609375 10701.175781 7028.728027
  33           "hh" 1660  4850.107910 4806.246582 3853.058350
  34           "ih" 4248  9108.238281 10273.486328 7889.786621
  35           "ix" 7370  11451.522461 10460.930664 10222.954102
  36           "iy" 4626  12517.818359 18541.289062 12459.867188
  37           "jh" 1013  3506.830078 3404.732666 4013.685303
  38           "ng" 1220  3262.889648 3751.709961 3363.641846
  39           "ow" 1653  5696.399414 7796.411621 5509.737305
  40           "oy"  304  1075.022461 1944.664307 1851.656494
  41           "sh" 1317  5458.682617 7632.250488 4349.699219
  42           "th"  745  2408.630859 2491.451416 2138.509277
  43           "uh"  500  1003.148621 1293.369019 824.828918
  44           "uw" 1952  5283.128418 6688.368652 5456.411133
  45           "zh"  149  621.027466 555.791748 536.408997
  46          "epi"  908  1549.733643 1334.532593 1460.576660
  47          "sil" 8283  46371.949219 45577.855469 50680.437500
  48          "vcl" 1672  2923.617676 3113.970703 4306.861328
