   1            "b" 2181  7948.242188 4188.269043 4370.200684
   2            "d" 2432  7438.387695 4232.301270 4649.750977
   3            "f" 2215  7399.660645 10051.775391 5938.615234
   4            "g" 1191  4213.389160 2259.989014 3136.288086
   5            "k" 3794  14962.082031 9843.625977 13181.030273
   6            "l" 4425  12034.212891 10410.260742 11533.460938
   7            "m" 3566  9161.880859 10084.808594 8693.118164
   8            "n" 6896  14391.697266 13820.166016 16484.837891
   9            "p" 2588  12334.227539 6660.870605 7120.768066
  10            "r" 4681  9761.708984 9581.024414 10614.863281
  11            "s" 6176  27478.244141 30756.347656 15880.413086
  12            "t" 3948  13311.855469 9407.622070 11870.336914
  13            "v" 1994  3665.107666 4348.499023 4801.090332
  14            "w" 2216  6440.528809 6379.188477 5826.080566
  15            "y"  995  2610.742188 2414.185059 2914.764404
  16            "z" 3682  13278.402344 14455.184570 9461.916016
  17           "aa" 2256  6724.583008 11577.780273 7660.645020
  18           "ae" 2292  7490.531738 12973.693359 7687.236328
  19           "ah" 2266  5508.056641 6971.704590 4425.368652
  20           "ao" 1865  5910.503906 10451.427734 6347.440918
  21           "aw"  728  2905.768066 5007.958496 3426.734863
  22           "ax" 3892  5984.877930 5148.802734 5610.572266
  23           "ay" 1934  7288.595215 11620.137695 8627.561523
  24           "ch"  820  3015.422852 3799.103760 3534.376221
  25           "cl" 2744  4950.956543 4873.655762 9014.524414
  26           "dh" 2376  5134.989746 3694.582764 4184.369141
  27           "dx" 1864  2541.439209 2817.849609 3108.961670
  28           "eh" 3277  8404.427734 10209.795898 7096.535156
  29           "el"  951  2932.276611 3715.552002 2767.651123
  30           "en"  630  1512.155273 2417.162842 1718.290161
  31           "er" 4138  11822.595703 15538.615234 10882.116211
  32           "ey" 2271  8004.527832 11420.901367 6658.728027
  33           "hh" 1660  4487.162109 4916.810547 3866.249756
  34           "ih" 4248  9026.356445 10749.281250 7870.827637
  35           "ix" 7370  11426.360352 10879.553711 10530.032227
  36           "iy" 4626  12021.357422 19002.621094 12775.314453
  37           "jh" 1013  3310.774414 3356.910400 3795.113770
  38           "ng" 1220  3146.230957 3784.256104 3359.884521
  39           "ow" 1653  5473.889160 8444.215820 5480.144531
  40           "oy"  304  1091.720825 1976.828003 1897.111206
  41           "sh" 1317  5141.414551 7917.463867 4189.461426
  42           "th"  745  2337.902344 2538.604736 2051.342529
  43           "uh"  500  972.317688 1345.281494 848.619202
  44           "uw" 1952  5087.250000 6893.143066 5233.311523
  45           "zh"  149  579.353210 557.362549 532.254517
  46          "epi"  908  1457.515869 1317.590332 1441.838989
  47          "sil" 8283  49989.207031 46873.292969 47642.519531
  48          "vcl" 1672  2883.769043 2981.464600 4417.866699
