   1            "b" 2181  7729.611816 3994.724365 3105.471436
   2            "d" 2432  7258.973145 3597.718262 4547.284668
   3            "f" 2215  6959.867188 10527.098633 6107.708008
   4            "g" 1191  3785.649658 2388.515137 2756.146973
   5            "k" 3794  13073.404297 8946.727539 13876.732422
   6            "l" 4425  14107.547852 11567.476562 10400.945312
   7            "m" 3566  11139.544922 8689.349609 6329.955078
   8            "n" 6896  15386.426758 14697.521484 12260.512695
   9            "p" 2588  8336.792969 7023.827637 9312.008789
  10            "r" 4681  10122.597656 10660.695312 10224.958008
  11            "s" 6176  20767.783203 34152.898438 21734.046875
  12            "t" 3948  11967.247070 7843.618652 13529.812500
  13            "v" 1994  3734.486084 3936.269043 4427.922852
  14            "w" 2216  6016.286133 6787.467773 5718.574219
  15            "y"  995  2783.395752 2733.481201 2746.010742
  16            "z" 3682  12967.583008 13320.693359 11217.296875
  17           "aa" 2256  7577.297363 11312.117188 8406.447266
  18           "ae" 2292  9514.552734 12213.553711 7535.915039
  19           "ah" 2266  7329.339355 6184.873047 4693.019043
  20           "ao" 1865  7074.959961 9419.404297 6401.665039
  21           "aw"  728  3804.734619 4294.763672 3423.566895
  22           "ax" 3892  6590.137695 5402.983398 5169.576660
  23           "ay" 1934  7740.640625 10484.939453 9716.128906
  24           "ch"  820  3837.635498 3382.469727 3009.217773
  25           "cl" 2744  5092.657715 6519.728516 6174.243164
  26           "dh" 2376  5114.548340 3912.779785 3827.982422
  27           "dx" 1864  2485.397705 2341.845459 2763.114258
  28           "eh" 3277  8511.151367 10812.873047 8107.959473
  29           "el"  951  2768.958740 4303.113770 3047.417969
  30           "en"  630  1608.888062 2530.316162 1674.376343
  31           "er" 4138  11669.048828 15858.778320 12721.652344
  32           "ey" 2271  8869.367188 10820.152344 6933.224609
  33           "hh" 1660  5436.386230 3530.130127 3291.702148
  34           "ih" 4248  12310.250977 9640.899414 7334.810547
  35           "ix" 7370  13188.708008 11458.214844 9999.563477
  36           "iy" 4626  11764.856445 19752.605469 13804.737305
  37           "jh" 1013  3694.468994 3514.638428 3260.943604
  38           "ng" 1220  3392.756836 3327.196045 3208.446533
  39           "ow" 1653  6315.723633 7736.052734 5357.453125
  40           "oy"  304  2053.977539 1539.091797 1212.117676
  41           "sh" 1317  4910.697266 7120.731934 5320.404297
  42           "th"  745  2406.320312 2609.423340 1989.143066
  43           "uh"  500  1351.644043 1090.137451 840.046692
  44           "uw" 1952  5756.741699 6836.205566 4828.228027
  45           "zh"  149  610.727783 455.385712 502.262268
  46          "epi"  908  1739.205078 1360.676392 1296.948853
  47          "sil" 8283  50251.640625 42175.718750 47432.527344
  48          "vcl" 1672  2977.113770 2909.083496 3635.168457
