   1            "b" 2181  7297.508301 5512.096191 2870.736572
   2            "d" 2432  6808.996094 4479.785156 4269.763184
   3            "f" 2215  5991.794922 10396.336914 6742.676758
   4            "g" 1191  3760.126953 2263.980957 2587.771729
   5            "k" 3794  14034.273438 7450.836914 16307.995117
   6            "l" 4425  11708.033203 8965.473633 6533.995605
   7            "m" 3566  12084.553711 5629.299805 6103.744141
   8            "n" 6896  18090.111328 10119.372070 10152.525391
   9            "p" 2588  9631.942383 7519.053711 10597.581055
  10            "r" 4681  10481.259766 10966.682617 6583.577637
  11            "s" 6176  15603.399414 39022.875000 19177.429688
  12            "t" 3948  12406.354492 7893.879395 15197.592773
  13            "v" 1994  3600.720215 3949.870117 4321.523438
  14            "w" 2216  6344.252441 5477.531250 4581.460449
  15            "y"  995  1804.997803 3119.685547 1946.678589
  16            "z" 3682  10207.271484 13991.229492 10281.285156
  17           "aa" 2256  5492.282227 17888.396484 5485.793457
  18           "ae" 2292  5868.064453 19061.992188 6705.920410
  19           "ah" 2266  9345.844727 5981.847656 4005.307373
  20           "ao" 1865  6007.196289 13433.204102 3742.972656
  21           "aw"  728  2819.275879 6408.923340 2174.590820
  22           "ax" 3892  7795.215820 5338.262207 5041.216797
  23           "ay" 1934  4946.363770 19598.607422 5513.947266
  24           "ch"  820  3123.216553 4425.328613 2400.497070
  25           "cl" 2744  5695.522461 8269.584961 4890.537109
  26           "dh" 2376  4077.923828 3568.487061 2783.339844
  27           "dx" 1864  2322.593018 2662.086426 2209.452148
  28           "eh" 3277  7312.770020 16700.804688 7478.124023
  29           "el"  951  2506.521484 4004.122314 2404.880127
  30           "en"  630  1788.113159 2187.282227 1121.985718
  31           "er" 4138  9863.941406 20219.244141 9432.889648
  32           "ey" 2271  6215.604492 15570.269531 6264.674316
  33           "hh" 1660  6117.295410 2844.801025 2748.511475
  34           "ih" 4248  15261.373047 9770.732422 6687.331543
  35           "ix" 7370  15929.190430 10619.443359 10178.083984
  36           "iy" 4626  12189.850586 20689.400391 9859.292969
  37           "jh" 1013  2833.873291 4042.295410 2965.566650
  38           "ng" 1220  3974.071533 2509.929199 1969.685547
  39           "ow" 1653  6407.129883 10260.140625 3764.616699
  40           "oy"  304  1853.365479 2364.530762 786.267334
  41           "sh" 1317  3671.134033 8146.438477 4744.767578
  42           "th"  745  2311.168945 2914.815430 1443.990967
  43           "uh"  500  1799.921997 861.586487 833.062805
  44           "uw" 1952  4791.390625 9249.944336 3839.962891
  45           "zh"  149  483.514557 508.602295 387.403503
  46          "epi"  908  1730.192871 1550.873535 1171.300293
  47          "sil" 8283  63927.371094 63582.429688 24026.089844
  48          "vcl" 1672  4491.620605 2497.092773 2205.852051
