   1            "b" 2181  7944.464355 4643.576660 4420.710449
   2            "d" 2432  7720.381348 4226.019531 4705.464355
   3            "f" 2215  7340.869629 9837.091797 6388.535156
   4            "g" 1191  4085.270020 2577.143799 3355.357666
   5            "k" 3794  14771.599609 10742.679688 12766.824219
   6            "l" 4425  12352.738281 10888.879883 11160.527344
   7            "m" 3566  8999.416016 10463.654297 8714.938477
   8            "n" 6896  14147.926758 13461.253906 16188.167969
   9            "p" 2588  12397.169922 6697.912109 7349.069824
  10            "r" 4681  9634.848633 9718.404297 10642.671875
  11            "s" 6176  26561.865234 31504.945312 17385.994141
  12            "t" 3948  13675.896484 10077.012695 11217.673828
  13            "v" 1994  4119.820801 4556.522461 4767.171387
  14            "w" 2216  6543.603516 6435.026367 5852.510254
  15            "y"  995  2848.510742 2573.342773 2898.473145
  16            "z" 3682  13274.625977 14163.467773 10176.761719
  17           "aa" 2256  7229.365723 10792.458984 7956.244141
  18           "ae" 2292  7598.988281 12119.016602 7931.371582
  19           "ah" 2266  5634.234375 6384.101074 4343.880859
  20           "ao" 1865  6067.703125 9895.066406 6552.995605
  21           "aw"  728  3166.104492 4576.950195 3472.443359
  22           "ax" 3892  6049.970703 4981.863770 5210.036621
  23           "ay" 1934  7737.512695 10631.258789 8806.214844
  24           "ch"  820  3238.016113 3642.219727 3569.888184
  25           "cl" 2744  5174.259277 4937.319336 8874.204102
  26           "dh" 2376  5104.000488 3938.581787 4298.338379
  27           "dx" 1864  2769.536377 2895.059326 3104.692871
  28           "eh" 3277  8039.951172 9952.722656 7007.745117
  29           "el"  951  3047.463867 3782.675781 2694.790039
  30           "en"  630  1627.456421 2286.324707 1780.202515
  31           "er" 4138  11783.278320 14877.183594 11050.946289
  32           "ey" 2271  8326.180664 10705.498047 6970.923340
  33           "hh" 1660  4863.619629 4860.225098 3879.598145
  34           "ih" 4248  9064.809570 10193.701172 7880.604004
  35           "ix" 7370  11321.677734 10416.053711 10201.263672
  36           "iy" 4626  12507.209961 18387.240234 12657.635742
  37           "jh" 1013  3584.986328 3420.817139 4018.028076
  38           "ng" 1220  3341.043701 3712.440430 3372.543945
  39           "ow" 1653  5658.939941 7794.854492 5452.534668
  40           "oy"  304  1090.166138 1955.787598 1835.421997
  41           "sh" 1317  5478.905273 7525.574707 4498.782715
  42           "th"  745  2447.727539 2444.318359 2169.413086
  43           "uh"  500  1003.608765 1272.340698 836.059937
  44           "uw" 1952  5290.148438 6669.914062 5455.606445
  45           "zh"  149  614.558716 556.958923 536.785034
  46          "epi"  908  1575.189941 1334.213867 1467.516113
  47          "sil" 8283  46398.222656 46122.183594 49698.507812
  48          "vcl" 1672  2930.480225 3067.028076 4363.228516
