   1            "b" 2181  7145.116699 4617.475098 3661.468262
   2            "d" 2432  7086.448242 3716.958496 4596.653809
   3            "f" 2215  6963.024414 10207.908203 6074.640137
   4            "g" 1191  3512.281006 2479.162109 3158.330811
   5            "k" 3794  11907.281250 9441.841797 14822.244141
   6            "l" 4425  12492.590820 11170.602539 12593.863281
   7            "m" 3566  7542.613770 10234.118164 9272.039062
   8            "n" 6896  12543.906250 15152.971680 15411.279297
   9            "p" 2588  9264.041992 7171.623535 8573.995117
  10            "r" 4681  9873.516602 11203.207031 10926.756836
  11            "s" 6176  22424.039062 32846.390625 21709.734375
  12            "t" 3948  12070.548828 8081.865234 12526.877930
  13            "v" 1994  3965.531738 4343.782227 4355.350098
  14            "w" 2216  6481.069336 6450.833984 5952.550293
  15            "y"  995  2700.880371 2864.082764 2774.438232
  16            "z" 3682  13234.373047 13822.416992 10359.331055
  17           "aa" 2256  7209.301758 10936.614258 8679.447266
  18           "ae" 2292  9130.480469 11832.931641 7620.142090
  19           "ah" 2266  5972.999023 6979.245605 5128.421387
  20           "ao" 1865  6165.583984 9469.435547 6775.805664
  21           "aw"  728  3232.498779 4660.935059 3505.522705
  22           "ax" 3892  5999.492188 5443.140625 5548.638672
  23           "ay" 1934  8376.689453 10034.246094 9496.450195
  24           "ch"  820  3016.635498 3086.347412 4040.650391
  25           "cl" 2744  4871.309082 4704.320312 8449.521484
  26           "dh" 2376  4648.857422 3483.376709 4029.571533
  27           "dx" 1864  2658.858887 2207.269043 3165.615723
  28           "eh" 3277  8716.168945 10060.643555 7982.934082
  29           "el"  951  2852.031982 4340.356934 2857.796143
  30           "en"  630  1467.980835 2525.753418 1721.129028
  31           "er" 4138  12523.015625 14949.529297 12446.505859
  32           "ey" 2271  8249.600586 10906.538086 7388.582031
  33           "hh" 1660  4563.109863 3971.816162 3663.310303
  34           "ih" 4248  9295.526367 10962.936523 8691.530273
  35           "ix" 7370  11266.160156 11926.977539 10944.419922
  36           "iy" 4626  12056.100586 19702.580078 13354.717773
  37           "jh" 1013  3285.819824 3294.479736 4002.252686
  38           "ng" 1220  3247.309326 3299.562500 3525.716553
  39           "ow" 1653  5630.714844 8014.379883 5535.125977
  40           "oy"  304  1049.371704 2171.964844 1694.076538
  41           "sh" 1317  5525.608398 7206.877930 4532.717773
  42           "th"  745  2312.386963 2353.065186 2317.028809
  43           "uh"  500  1056.072021 1227.013794 1007.493103
  44           "uw" 1952  5343.129883 7198.029785 5180.319336
  45           "zh"  149  534.656128 561.922668 540.552673
  46          "epi"  908  1608.814941 1328.149414 1381.624146
  47          "sil" 8283  48455.804688 41011.003906 49902.031250
  48          "vcl" 1672  2820.632568 2505.169922 4431.326172
