   1            "b" 2181  8003.175781 3831.605713 4410.020996
   2            "d" 2432  7472.780762 4139.067383 4523.283203
   3            "f" 2215  6950.263672 10230.338867 5638.144043
   4            "g" 1191  4193.525391 2152.072021 2860.367188
   5            "k" 3794  14884.630859 9122.157227 13584.848633
   6            "l" 4425  12140.216797 10061.821289 11817.010742
   7            "m" 3566  8870.209961 10349.589844 8261.161133
   8            "n" 6896  13227.963867 14843.200195 15469.951172
   9            "p" 2588  12476.662109 6244.770508 7108.291504
  10            "r" 4681  9288.345703 9653.070312 10892.464844
  11            "s" 6176  27785.550781 30429.683594 15728.109375
  12            "t" 3948  12843.166992 9258.653320 12284.218750
  13            "v" 1994  3299.428955 4229.870117 5081.936523
  14            "w" 2216  6379.434082 6034.122559 5777.754883
  15            "y"  995  2554.488281 2430.386475 2787.437500
  16            "z" 3682  12359.452148 14586.705078 9673.775391
  17           "aa" 2256  6689.321777 12515.190430 7373.038086
  18           "ae" 2292  7357.352051 13461.454102 7453.978516
  19           "ah" 2266  5573.511230 7668.261719 4478.466309
  20           "ao" 1865  6278.980957 11070.489258 5759.120117
  21           "aw"  728  2757.949463 5329.219727 3327.619873
  22           "ax" 3892  5999.867676 5467.836426 5683.215820
  23           "ay" 1934  6913.944336 12558.929688 8622.131836
  24           "ch"  820  2955.248535 3902.001221 3434.214355
  25           "cl" 2744  4593.561035 4804.305176 9045.354492
  26           "dh" 2376  4951.966309 3710.289551 4027.925293
  27           "dx" 1864  2347.180420 2700.954590 3218.651855
  28           "eh" 3277  8439.009766 10827.675781 7278.968262
  29           "el"  951  2922.852783 3782.729248 2775.835938
  30           "en"  630  1515.731934 2390.551514 1723.174927
  31           "er" 4138  11958.685547 16310.795898 10502.231445
  32           "ey" 2271  7727.388672 12198.752930 6244.728516
  33           "hh" 1660  4274.921875 5048.398926 3573.973389
  34           "ih" 4248  9122.170898 11455.822266 8033.130371
  35           "ix" 7370  11366.431641 11678.583984 10504.517578
  36           "iy" 4626  12049.978516 19455.607422 12071.292969
  37           "jh" 1013  3225.693848 3415.184814 3560.613037
  38           "ng" 1220  3181.344727 3748.171143 3260.388672
  39           "ow" 1653  5324.970215 9266.736328 5069.000000
  40           "oy"  304  1092.520386 2082.168457 1810.830322
  41           "sh" 1317  4959.013184 8052.219727 4271.525391
  42           "th"  745  2294.118164 2498.406982 2063.242676
  43           "uh"  500  964.618225 1402.820312 876.661743
  44           "uw" 1952  5072.078613 7380.699219 5030.909180
  45           "zh"  149  561.600708 545.901306 529.240295
  46          "epi"  908  1480.118042 1216.716797 1473.827881
  47          "sil" 8283  46247.992188 55585.917969 43600.636719
  48          "vcl" 1672  2655.885498 2991.042969 4539.377930
