   1            "b" 2181  8551.242188 2727.000977 4894.777344
   2            "d" 2432  7554.593262 3676.395508 4687.724121
   3            "f" 2215  6616.900879 10310.429688 5499.637695
   4            "g" 1191  4272.951172 1975.883057 2321.390869
   5            "k" 3794  15357.457031 8770.938477 12791.574219
   6            "l" 4425  9193.090820 11106.977539 11570.501953
   7            "m" 3566  6576.149902 12715.115234 6760.987793
   8            "n" 6896  11420.573242 17794.679688 13266.085938
   9            "p" 2588  12573.763672 5785.896484 6894.540527
  10            "r" 4681  8843.850586 8620.167969 11217.061523
  11            "s" 6176  31538.218750 28240.443359 13895.358398
  12            "t" 3948  13148.372070 9454.922852 11680.081055
  13            "v" 1994  2810.236816 3782.273438 5618.088867
  14            "w" 2216  6001.680664 5362.703125 5914.930176
  15            "y"  995  2162.939697 2260.385010 2970.044922
  16            "z" 3682  10688.343750 16783.804688 8228.490234
  17           "aa" 2256  6814.703125 14774.903320 6555.165039
  18           "ae" 2292  6862.000977 15671.760742 7384.369629
  19           "ah" 2266  5232.430664 9049.500977 4063.373047
  20           "ao" 1865  5824.777344 12982.403320 5238.073730
  21           "aw"  728  2471.594971 5849.772461 3127.137451
  22           "ax" 3892  5460.786133 6358.464355 5482.616699
  23           "ay" 1934  5927.121582 15202.291992 8146.958496
  24           "ch"  820  2759.143311 4243.958008 3129.520020
  25           "cl" 2744  3986.248047 5180.463379 9248.430664
  26           "dh" 2376  4895.700684 3575.303711 3906.343506
  27           "dx" 1864  2168.456299 2197.085205 3666.842041
  28           "eh" 3277  7812.422363 14502.686523 5886.423340
  29           "el"  951  2530.647705 4340.789062 2564.453369
  30           "en"  630  1389.318726 2565.677734 1530.971802
  31           "er" 4138  9987.797852 20870.652344 8859.364258
  32           "ey" 2271  6859.174316 14065.593750 5997.806641
  33           "hh" 1660  3797.625000 4914.461914 3567.363037
  34           "ih" 4248  8453.090820 13515.931641 7736.194824
  35           "ix" 7370  10761.554688 12278.850586 11001.957031
  36           "iy" 4626  11165.283203 21204.318359 11381.250000
  37           "jh" 1013  3239.018066 3213.823730 3469.213867
  38           "ng" 1220  3082.844238 4368.474609 2784.958008
  39           "ow" 1653  4976.121094 11227.492188 4262.965332
  40           "oy"  304  1197.303955 2302.601318 1817.763184
  41           "sh" 1317  4274.553711 8861.753906 3626.949951
  42           "th"  745  2319.416260 2293.125732 2112.257080
  43           "uh"  500  942.983765 1466.527466 826.501038
  44           "uw" 1952  4302.145996 8439.679688 5417.729980
  45           "zh"  149  454.298767 608.612915 484.067078
  46          "epi"  908  1153.993896 1192.572388 1610.732910
  47          "sil" 8283  51486.035156 57619.292969 37627.414062
  48          "vcl" 1672  2257.338623 2826.214844 4806.985352
