   1            "b" 2181  7474.291992 4872.628418 3108.127441
   2            "d" 2432  7066.226562 4170.376953 4694.614746
   3            "f" 2215  6412.033691 10096.209961 6847.648926
   4            "g" 1191  3829.318848 2160.239502 2677.719482
   5            "k" 3794  14040.979492 7256.614258 16282.447266
   6            "l" 4425  11911.726562 8838.367188 6503.072266
   7            "m" 3566  12104.177734 5640.761230 6178.271484
   8            "n" 6896  18101.195312 9950.038086 10492.183594
   9            "p" 2588  9725.939453 7166.591797 10741.368164
  10            "r" 4681  10458.101562 11283.139648 6628.820801
  11            "s" 6176  16303.269531 39160.230469 19446.642578
  12            "t" 3948  12563.523438 7661.958496 15469.368164
  13            "v" 1994  3625.718262 3960.287109 4348.583496
  14            "w" 2216  6483.854004 5210.067871 4927.938477
  15            "y"  995  1937.438477 2918.809814 2029.435059
  16            "z" 3682  10828.123047 14187.885742 10751.777344
  17           "aa" 2256  5597.589355 17511.337891 5548.185059
  18           "ae" 2292  6008.505859 18797.691406 6671.165039
  19           "ah" 2266  9445.513672 5543.950195 4007.890869
  20           "ao" 1865  6015.842285 12894.254883 3848.224365
  21           "aw"  728  2915.569824 6087.592773 2205.689209
  22           "ax" 3892  7998.508789 5034.903320 5210.339355
  23           "ay" 1934  4954.840820 19180.884766 5671.594727
  24           "ch"  820  3302.664062 4262.285156 2556.445557
  25           "cl" 2744  5849.783203 8047.943848 5156.556152
  26           "dh" 2376  4252.104492 3397.022949 3003.983154
  27           "dx" 1864  2363.845947 2672.028809 2209.585693
  28           "eh" 3277  7425.011230 16272.381836 7577.828125
  29           "el"  951  2615.502686 3772.167725 2507.757324
  30           "en"  630  1745.955566 2119.316895 1192.106812
  31           "er" 4138  10415.380859 19422.267578 9790.138672
  32           "ey" 2271  6509.615723 14890.951172 6363.087402
  33           "hh" 1660  6177.545410 2689.514160 2718.819824
  34           "ih" 4248  15403.306641 9043.416992 6672.270508
  35           "ix" 7370  16061.186523 9887.331055 10312.911133
  36           "iy" 4626  12648.620117 19187.128906 10314.905273
  37           "jh" 1013  2956.462891 3904.986084 3138.187500
  38           "ng" 1220  3825.496582 2517.761719 2006.415283
  39           "ow" 1653  6628.233887 9595.771484 3832.712158
  40           "oy"  304  1871.784302 2238.577637 807.302246
  41           "sh" 1317  3849.737793 8196.366211 4773.634766
  42           "th"  745  2375.282227 2896.929443 1567.025391
  43           "uh"  500  1804.964966 813.991150 829.458557
  44           "uw" 1952  5012.758789 8590.691406 3970.291016
  45           "zh"  149  504.663269 525.648193 409.522369
  46          "epi"  908  1720.578247 1546.636353 1210.582886
  47          "sil" 8283  63709.441406 62007.703125 25523.669922
  48          "vcl" 1672  4266.933594 2538.783936 2364.614258
