   1            "b" 2181  7139.900879 4619.503906 3718.279297
   2            "d" 2432  7067.164062 3882.747070 4643.237305
   3            "f" 2215  6894.817871 10101.186523 6322.001465
   4            "g" 1191  3537.067139 2471.208252 3181.159668
   5            "k" 3794  11982.039062 9474.938477 14741.877930
   6            "l" 4425  12488.387695 11184.210938 12710.518555
   7            "m" 3566  7784.217773 10086.293945 9173.826172
   8            "n" 6896  12796.125977 14976.352539 15259.249023
   9            "p" 2588  9234.235352 7143.531738 8615.481445
  10            "r" 4681  9726.128906 11251.251953 10974.915039
  11            "s" 6176  22371.265625 32647.052734 21725.359375
  12            "t" 3948  12221.627930 8090.906250 12463.152344
  13            "v" 1994  4018.447021 4361.607422 4282.765137
  14            "w" 2216  6544.524414 6456.457520 6046.545898
  15            "y"  995  2742.716064 2877.035645 2724.776123
  16            "z" 3682  13216.138672 13731.652344 10354.615234
  17           "aa" 2256  7410.735840 10711.572266 8774.262695
  18           "ae" 2292  9122.053711 11707.346680 7697.193359
  19           "ah" 2266  6084.328613 6842.583496 5138.657227
  20           "ao" 1865  6148.422363 9520.118164 6785.237305
  21           "aw"  728  3305.025879 4613.567383 3504.847900
  22           "ax" 3892  5993.367676 5497.814453 5443.603027
  23           "ay" 1934  8521.704102 9931.841797 9423.980469
  24           "ch"  820  3031.293213 3057.026855 4065.768555
  25           "cl" 2744  4937.599121 4727.916016 8431.929688
  26           "dh" 2376  4748.193359 3441.403809 4049.527832
  27           "dx" 1864  2710.043213 2189.977539 3154.013672
  28           "eh" 3277  8625.589844 10021.000977 7955.383301
  29           "el"  951  2896.843994 4302.936035 2852.021729
  30           "en"  630  1455.723389 2519.076172 1718.104248
  31           "er" 4138  12737.731445 14678.651367 12441.184570
  32           "ey" 2271  8210.281250 10688.932617 7589.316895
  33           "hh" 1660  4587.339355 4043.040771 3663.572266
  34           "ih" 4248  9336.616211 10807.413086 8741.196289
  35           "ix" 7370  11451.281250 11885.268555 10887.906250
  36           "iy" 4626  12287.993164 19412.509766 13535.512695
  37           "jh" 1013  3314.571533 3305.103271 4018.894775
  38           "ng" 1220  3286.805664 3287.041260 3545.974609
  39           "ow" 1653  5784.944824 7811.101074 5582.379395
  40           "oy"  304  1086.251221 2107.887695 1721.119019
  41           "sh" 1317  5473.914062 7250.164062 4525.262207
  42           "th"  745  2327.415283 2356.851074 2301.274414
  43           "uh"  500  1064.820557 1227.421021 1013.557007
  44           "uw" 1952  5425.593262 7053.279785 5333.175781
  45           "zh"  149  552.563843 554.024475 543.387756
  46          "epi"  908  1621.454834 1306.576904 1409.012573
  47          "sil" 8283  48251.429688 40463.164062 50049.796875
  48          "vcl" 1672  2812.422607 2510.188477 4429.358398
