   1            "b" 2181  7775.110352 3991.599854 3103.914795
   2            "d" 2432  7251.932617 3657.963867 4501.906738
   3            "f" 2215  7005.051270 10472.436523 6081.875977
   4            "g" 1191  3892.731689 2410.958252 2766.690430
   5            "k" 3794  13123.750977 8985.949219 13863.155273
   6            "l" 4425  13900.691406 11655.009766 10681.259766
   7            "m" 3566  11180.105469 8666.094727 6467.601074
   8            "n" 6896  15342.605469 14641.495117 12286.878906
   9            "p" 2588  8420.924805 7043.710449 9282.680664
  10            "r" 4681  10219.802734 10468.465820 10254.227539
  11            "s" 6176  21084.025391 33515.390625 21943.632812
  12            "t" 3948  11932.513672 8015.354492 13337.621094
  13            "v" 1994  3795.055176 3928.291504 4392.648926
  14            "w" 2216  6156.349121 6814.672852 5811.575195
  15            "y"  995  2798.609131 2705.257324 2769.886963
  16            "z" 3682  13004.156250 13133.739258 11372.650391
  17           "aa" 2256  7673.651855 11011.275391 8582.654297
  18           "ae" 2292  9599.401367 11945.797852 7653.711426
  19           "ah" 2266  7326.758301 6098.812988 4724.864746
  20           "ao" 1865  7115.292969 9375.574219 6426.817383
  21           "aw"  728  3865.670898 4239.273926 3414.404297
  22           "ax" 3892  6548.138184 5446.478027 5248.214844
  23           "ay" 1934  7887.687012 10252.767578 9738.123047
  24           "ch"  820  3823.370605 3339.621338 3061.183350
  25           "cl" 2744  5146.432129 6460.679688 6198.218262
  26           "dh" 2376  5159.203613 3844.345215 3894.277588
  27           "dx" 1864  2505.194824 2358.142578 2787.666260
  28           "eh" 3277  8477.213867 10827.328125 8171.019043
  29           "el"  951  2840.129639 4280.015625 3069.611084
  30           "en"  630  1607.022095 2519.448730 1695.686401
  31           "er" 4138  11783.416016 15745.765625 12643.364258
  32           "ey" 2271  8854.647461 10809.863281 6939.011719
  33           "hh" 1660  5288.888184 3692.458496 3282.167725
  34           "ih" 4248  12110.674805 9664.732422 7320.476074
  35           "ix" 7370  13242.603516 11311.353516 9884.768555
  36           "iy" 4626  11916.752930 19507.865234 13848.846680
  37           "jh" 1013  3750.071289 3572.695557 3267.589355
  38           "ng" 1220  3411.242432 3354.200439 3194.312988
  39           "ow" 1653  6246.988281 7677.125977 5399.520996
  40           "oy"  304  2064.119141 1542.146484 1226.479980
  41           "sh" 1317  4899.470215 7008.609375 5419.390625
  42           "th"  745  2459.792969 2537.906250 2030.365723
  43           "uh"  500  1349.977173 1088.864868 845.380798
  44           "uw" 1952  5795.168457 6839.613281 4828.402832
  45           "zh"  149  621.190063 450.795685 502.066284
  46          "epi"  908  1730.709961 1374.800293 1301.345703
  47          "sil" 8283  49196.851562 41209.382812 49015.230469
  48          "vcl" 1672  3023.635254 2927.899170 3662.020020
