   1            "b" 2181  8515.034180 2940.797852 4826.938477
   2            "d" 2432  7401.323730 3910.984131 4516.557129
   3            "f" 2215  6794.355469 10241.428711 5520.069824
   4            "g" 1191  4224.536133 1990.523438 2410.820312
   5            "k" 3794  15100.062500 9127.475586 12784.275391
   6            "l" 4425  11476.635742 10598.141602 11142.703125
   7            "m" 3566  7230.512695 12559.135742 6800.334473
   8            "n" 6896  11970.950195 17057.777344 13381.237305
   9            "p" 2588  12489.580078 5969.200684 6921.187012
  10            "r" 4681  9134.784180 8542.672852 11026.915039
  11            "s" 6176  29853.951172 29021.890625 14833.333984
  12            "t" 3948  13029.378906 9565.658203 11709.805664
  13            "v" 1994  2880.684326 3805.430176 5472.115234
  14            "w" 2216  6178.829102 5294.202637 6116.876953
  15            "y"  995  2341.601074 2271.055420 2891.315186
  16            "z" 3682  11197.317383 16158.884766 8402.335938
  17           "aa" 2256  6734.252930 14489.970703 6560.351562
  18           "ae" 2292  7085.737793 15218.939453 7324.363281
  19           "ah" 2266  5279.628906 8759.902344 4186.648926
  20           "ao" 1865  6002.484375 12308.915039 5512.904297
  21           "aw"  728  2465.772217 5960.000977 2996.729004
  22           "ax" 3892  5594.374023 6391.728027 5375.385254
  23           "ay" 1934  6042.934082 14803.210938 8149.124512
  24           "ch"  820  2763.829834 4072.490723 3408.013916
  25           "cl" 2744  4076.960205 4854.284668 9325.908203
  26           "dh" 2376  4829.430176 3571.111084 3891.733887
  27           "dx" 1864  2241.155273 2261.193115 3399.375488
  28           "eh" 3277  8105.246582 13431.855469 6453.226074
  29           "el"  951  2700.241943 4127.842285 2627.329590
  30           "en"  630  1485.044800 2435.844238 1598.897827
  31           "er" 4138  10278.552734 20397.980469 9190.667969
  32           "ey" 2271  7025.766113 13850.260742 5794.762207
  33           "hh" 1660  3911.851562 5119.106445 3388.468018
  34           "ih" 4248  8723.899414 13149.304688 7594.855957
  35           "ix" 7370  11125.292969 12146.396484 10741.750000
  36           "iy" 4626  11459.554688 20535.744141 11619.454102
  37           "jh" 1013  3170.480225 3337.346680 3482.877686
  38           "ng" 1220  3088.393066 4226.116211 2873.480469
  39           "ow" 1653  4872.344727 11031.592773 4385.597168
  40           "oy"  304  1140.648682 2244.166992 1783.958862
  41           "sh" 1317  4710.327637 8441.334961 3970.888672
  42           "th"  745  2182.447266 2356.368164 2100.588623
  43           "uh"  500  932.625366 1442.995117 856.893005
  44           "uw" 1952  4402.564453 8272.545898 5330.574707
  45           "zh"  149  487.363434 582.950012 503.768860
  46          "epi"  908  1194.698608 1214.172241 1509.447510
  47          "sil" 8283  48375.253906 57453.402344 40301.429688
  48          "vcl" 1672  2344.913574 2829.951904 4798.518555
