   1            "b" 2181  7209.837891 4599.656738 3744.924805
   2            "d" 2432  7023.419434 3996.826416 4623.333008
   3            "f" 2215  6911.081055 10029.445312 6380.810059
   4            "g" 1191  3543.362061 2469.326172 3204.406738
   5            "k" 3794  12037.846680 9473.805664 14703.652344
   6            "l" 4425  12459.264648 11115.938477 12766.904297
   7            "m" 3566  7935.968750 10119.044922 9033.168945
   8            "n" 6896  12946.430664 15051.349609 15021.213867
   9            "p" 2588  9207.805664 7137.659668 8636.824219
  10            "r" 4681  9671.052734 11225.420898 11054.446289
  11            "s" 6176  22295.789062 32721.035156 21593.380859
  12            "t" 3948  12277.357422 8064.436523 12445.796875
  13            "v" 1994  4037.225830 4349.976562 4240.408203
  14            "w" 2216  6562.797852 6444.078125 6135.306641
  15            "y"  995  2748.275879 2859.748535 2724.447510
  16            "z" 3682  13168.464844 13652.396484 10367.992188
  17           "aa" 2256  7456.346680 10691.142578 8773.017578
  18           "ae" 2292  9123.285156 11605.300781 7767.046875
  19           "ah" 2266  6131.804688 6745.397461 5150.225098
  20           "ao" 1865  6186.430664 9541.024414 6772.930664
  21           "aw"  728  3328.563232 4604.991211 3509.338867
  22           "ax" 3892  5957.609375 5551.506348 5440.722656
  23           "ay" 1934  8599.793945 9882.796875 9379.641602
  24           "ch"  820  3040.910400 3057.076416 4074.739258
  25           "cl" 2744  4946.475586 4754.623535 8339.975586
  26           "dh" 2376  4768.368164 3438.766602 4073.551270
  27           "dx" 1864  2724.476074 2192.269775 3131.110596
  28           "eh" 3277  8582.918945 9973.570312 7956.207520
  29           "el"  951  2921.476807 4287.042969 2862.229980
  30           "en"  630  1485.436646 2502.187744 1721.808716
  31           "er" 4138  12908.634766 14588.345703 12353.879883
  32           "ey" 2271  8187.088867 10633.701172 7678.731445
  33           "hh" 1660  4616.593750 4078.411377 3640.229004
  34           "ih" 4248  9382.163086 10729.210938 8735.130859
  35           "ix" 7370  11538.413086 11887.825195 10836.364258
  36           "iy" 4626  12397.568359 19376.564453 13495.316406
  37           "jh" 1013  3336.363281 3317.618652 4025.570557
  38           "ng" 1220  3295.035889 3282.641113 3549.084717
  39           "ow" 1653  5905.232910 7725.303711 5617.131348
  40           "oy"  304  1105.512695 2068.182861 1734.909790
  41           "sh" 1317  5414.874023 7282.817871 4544.458496
  42           "th"  745  2313.470947 2378.392578 2291.837646
  43           "uh"  500  1072.526733 1228.555176 1012.140259
  44           "uw" 1952  5526.206055 6972.948242 5348.459961
  45           "zh"  149  555.634399 550.540710 544.250732
  46          "epi"  908  1622.319458 1292.709351 1414.210205
  47          "sil" 8283  48496.500000 40281.996094 49861.671875
  48          "vcl" 1672  2807.942383 2533.380371 4390.381836
