   1            "b" 2181  7938.355469 4222.503906 4407.300293
   2            "d" 2432  7502.085938 4216.928223 4662.792969
   3            "f" 2215  7386.608887 10049.317383 5948.176270
   4            "g" 1191  4208.178711 2299.666016 3150.198975
   5            "k" 3794  14973.670898 9940.013672 13135.567383
   6            "l" 4425  12070.478516 10489.792969 11575.527344
   7            "m" 3566  9112.802734 10201.301758 8703.428711
   8            "n" 6896  14367.817383 13696.073242 16646.978516
   9            "p" 2588  12272.828125 6747.662598 7137.725098
  10            "r" 4681  9821.788086 9545.608398 10558.150391
  11            "s" 6176  27459.509766 30804.861328 15993.312500
  12            "t" 3948  13285.142578 9472.334961 11822.789062
  13            "v" 1994  3716.457275 4346.793457 4816.407227
  14            "w" 2216  6478.581543 6397.852539 5797.355957
  15            "y"  995  2655.351074 2426.154053 2925.517822
  16            "z" 3682  13359.469727 14515.191406 9435.409180
  17           "aa" 2256  6729.791504 11529.152344 7693.364746
  18           "ae" 2292  7491.169922 12805.801758 7773.809570
  19           "ah" 2266  5508.010742 6861.885742 4417.476074
  20           "ao" 1865  5933.711426 10320.071289 6432.197266
  21           "aw"  728  2928.567871 4957.880371 3436.928711
  22           "ax" 3892  6054.857422 5120.607422 5547.875000
  23           "ay" 1934  7301.352051 11518.997070 8623.749023
  24           "ch"  820  3029.003174 3781.875732 3539.512451
  25           "cl" 2744  5008.309082 4880.102051 8968.856445
  26           "dh" 2376  5144.285645 3729.232666 4193.653809
  27           "dx" 1864  2582.310059 2824.037842 3100.963867
  28           "eh" 3277  8351.224609 10171.840820 7119.922363
  29           "el"  951  2947.272461 3710.950684 2763.008789
  30           "en"  630  1521.662598 2403.908203 1737.663086
  31           "er" 4138  11863.562500 15389.247070 10900.836914
  32           "ey" 2271  8000.690918 11257.336914 6755.398926
  33           "hh" 1660  4572.740723 4902.863770 3850.846924
  34           "ih" 4248  9037.322266 10650.464844 7867.351074
  35           "ix" 7370  11437.628906 10822.546875 10474.616211
  36           "iy" 4626  12049.706055 18932.400391 12813.982422
  37           "jh" 1013  3344.085693 3373.131836 3806.174805
  38           "ng" 1220  3161.483643 3786.044678 3392.320801
  39           "ow" 1653  5540.459473 8255.874023 5536.929688
  40           "oy"  304  1090.238037 1962.145508 1883.033813
  41           "sh" 1317  5194.149414 7889.249023 4187.790039
  42           "th"  745  2375.041016 2525.720215 2065.376465
  43           "uh"  500  980.831604 1332.713135 844.465088
  44           "uw" 1952  5121.882324 6855.353027 5230.362305
  45           "zh"  149  583.196045 555.041016 537.514526
  46          "epi"  908  1462.220337 1323.525879 1449.167358
  47          "sil" 8283  49969.343750 45875.769531 48281.296875
  48          "vcl" 1672  2881.767578 2997.315918 4397.452637
