   1            "b" 2181  7961.395508 4349.254395 4504.507812
   2            "d" 2432  7675.932617 4206.166504 4687.696777
   3            "f" 2215  7353.273438 10026.299805 6035.387207
   4            "g" 1191  4209.769531 2381.296875 3162.267090
   5            "k" 3794  14953.345703 10304.788086 12912.689453
   6            "l" 4425  12184.353516 10642.757812 11359.781250
   7            "m" 3566  9030.188477 10334.946289 8700.629883
   8            "n" 6896  14171.310547 13508.194336 16645.310547
   9            "p" 2588  12261.984375 6933.051270 7210.183594
  10            "r" 4681  9833.252930 9594.103516 10522.458008
  11            "s" 6176  27141.328125 30975.345703 16474.652344
  12            "t" 3948  13418.959961 9767.089844 11564.926758
  13            "v" 1994  3889.750488 4381.257324 4826.277832
  14            "w" 2216  6559.017578 6349.065918 5805.967285
  15            "y"  995  2735.025146 2457.956299 2947.703613
  16            "z" 3682  13498.631836 14666.026367 9414.096680
  17           "aa" 2256  6870.318848 11295.772461 7812.877441
  18           "ae" 2292  7424.320801 12635.147461 7833.601562
  19           "ah" 2266  5535.253418 6665.416504 4416.739258
  20           "ao" 1865  5920.336426 10258.760742 6469.433594
  21           "aw"  728  2975.475098 4855.883789 3457.695068
  22           "ax" 3892  6098.027832 5064.796875 5382.750977
  23           "ay" 1934  7465.788574 11281.149414 8575.772461
  24           "ch"  820  3093.468994 3704.914062 3555.469482
  25           "cl" 2744  5055.949219 4912.214844 8950.635742
  26           "dh" 2376  5143.892090 3832.201904 4212.513184
  27           "dx" 1864  2651.966064 2800.291504 3109.975830
  28           "eh" 3277  8161.062988 10136.241211 7073.247070
  29           "el"  951  2973.813232 3754.699219 2751.246582
  30           "en"  630  1548.134399 2383.062256 1735.302856
  31           "er" 4138  11863.032227 15167.636719 10867.458008
  32           "ey" 2271  8096.143066 10917.220703 6907.604004
  33           "hh" 1660  4727.904785 4856.214355 3902.244141
  34           "ih" 4248  9109.532227 10422.870117 7842.914551
  35           "ix" 7370  11449.351562 10726.120117 10285.275391
  36           "iy" 4626  12265.338867 18806.841797 12557.608398
  37           "jh" 1013  3426.913818 3409.384766 3865.903076
  38           "ng" 1220  3211.596680 3741.508789 3435.998291
  39           "ow" 1653  5686.615234 8003.020020 5508.263184
  40           "oy"  304  1091.362061 1935.315674 1876.109375
  41           "sh" 1317  5396.219238 7738.586914 4248.542480
  42           "th"  745  2399.207031 2521.854004 2118.150391
  43           "uh"  500  997.860901 1326.405762 839.384644
  44           "uw" 1952  5192.467773 6710.441895 5319.800781
  45           "zh"  149  598.032654 553.740845 534.075806
  46          "epi"  908  1498.864136 1337.292114 1457.876587
  47          "sil" 8283  48171.214844 44887.417969 50371.171875
  48          "vcl" 1672  2906.114502 3061.322021 4308.027344
