   1            "b" 2181  7727.154785 4088.177734 3076.558105
   2            "d" 2432  7495.338867 3703.628662 4532.046875
   3            "f" 2215  7019.872559 10392.104492 6056.012207
   4            "g" 1191  3816.007324 2506.142578 2894.485596
   5            "k" 3794  13002.933594 9549.596680 13391.085938
   6            "l" 4425  13974.545898 11223.829102 11263.530273
   7            "m" 3566  10884.975586 8886.684570 6792.583496
   8            "n" 6896  15407.754883 14547.699219 12407.059570
   9            "p" 2588  8604.833008 7222.719238 9111.613281
  10            "r" 4681  10455.056641 10371.789062 10235.639648
  11            "s" 6176  21331.117188 31986.250000 22574.609375
  12            "t" 3948  12064.262695 8492.744141 12851.587891
  13            "v" 1994  4235.978516 3827.915771 4257.767578
  14            "w" 2216  6400.750977 6678.386719 5971.411133
  15            "y"  995  2752.043945 2647.097900 2789.392578
  16            "z" 3682  12874.135742 12235.666016 11665.101562
  17           "aa" 2256  7611.854004 11005.592773 8561.673828
  18           "ae" 2292  9777.560547 11438.760742 7799.473145
  19           "ah" 2266  7280.935059 5955.714844 4740.859863
  20           "ao" 1865  7262.293457 9113.789062 6616.100098
  21           "aw"  728  3905.549805 4282.914062 3333.500244
  22           "ax" 3892  6606.925781 5501.238281 5167.255371
  23           "ay" 1934  8400.504883 9876.643555 9565.270508
  24           "ch"  820  3715.659180 3332.470215 3124.722900
  25           "cl" 2744  5074.222168 6254.735352 6285.021484
  26           "dh" 2376  5270.403320 3819.513184 4011.698975
  27           "dx" 1864  2584.873779 2393.380127 2893.786133
  28           "eh" 3277  8775.203125 10372.836914 7942.685547
  29           "el"  951  2930.110107 4239.335449 3124.013916
  30           "en"  630  1664.319336 2450.262451 1729.503174
  31           "er" 4138  11898.704102 15680.494141 12557.381836
  32           "ey" 2271  8811.610352 10541.000000 7165.545410
  33           "hh" 1660  5462.112305 3690.400635 3283.896729
  34           "ih" 4248  11390.808594 9926.505859 7605.804688
  35           "ix" 7370  13421.911133 11094.225586 9943.424805
  36           "iy" 4626  12660.027344 18991.287109 13851.843750
  37           "jh" 1013  3691.229736 3693.839844 3245.079102
  38           "ng" 1220  3542.364990 3332.155273 3332.409424
  39           "ow" 1653  6297.805176 7496.986328 5665.910645
  40           "oy"  304  2064.064941 1565.747314 1229.792358
  41           "sh" 1317  4994.300781 6737.314453 5573.345215
  42           "th"  745  2442.630371 2482.831055 2087.896240
  43           "uh"  500  1324.571045 1108.595581 846.570496
  44           "uw" 1952  5878.525879 6879.617188 4978.247559
  45           "zh"  149  640.733459 443.825256 499.766235
  46          "epi"  908  1719.660645 1440.941040 1287.725220
  47          "sil" 8283  49467.261719 39424.515625 49621.671875
  48          "vcl" 1672  3084.911621 2955.146240 3696.279785
