   1            "b" 2181  8223.894531 3367.599854 4620.899902
   2            "d" 2432  7495.684570 4091.170654 4466.705078
   3            "f" 2215  7074.024414 10214.486328 5458.537109
   4            "g" 1191  4230.401855 1979.343384 2671.233643
   5            "k" 3794  14848.289062 9379.008789 13146.852539
   6            "l" 4425  12282.145508 10044.578125 11760.212891
   7            "m" 3566  8400.071289 11321.287109 7467.013672
   8            "n" 6896  12754.750000 15979.847656 14075.588867
   9            "p" 2588  12429.033203 5891.947266 7025.257324
  10            "r" 4681  9705.882812 8933.524414 10798.751953
  11            "s" 6176  28107.099609 30095.560547 15672.213867
  12            "t" 3948  13069.268555 9288.295898 12069.826172
  13            "v" 1994  3096.664551 3938.041748 5339.733398
  14            "w" 2216  6393.150879 5359.555664 6101.862793
  15            "y"  995  2502.667969 2416.424561 2742.151855
  16            "z" 3682  11897.214844 14846.550781 9268.155273
  17           "aa" 2256  6659.884766 13870.466797 6724.953125
  18           "ae" 2292  7146.811035 14318.573242 7370.430664
  19           "ah" 2266  5663.421875 8083.095215 4396.848633
  20           "ao" 1865  6339.479492 11618.669922 5738.979980
  21           "aw"  728  2560.414795 5767.926758 3122.712646
  22           "ax" 3892  5689.186523 5896.076172 5525.070801
  23           "ay" 1934  6280.984863 14138.498047 8102.770020
  24           "ch"  820  2843.041992 3964.760010 3478.588135
  25           "cl" 2744  4351.810547 4655.241211 9153.108398
  26           "dh" 2376  4844.224121 3760.666748 3900.413574
  27           "dx" 1864  2236.482178 2562.229004 3163.842285
  28           "eh" 3277  8577.336914 11717.144531 7060.248047
  29           "el"  951  2913.400879 3939.991455 2606.431152
  30           "en"  630  1498.828125 2431.857910 1673.343140
  31           "er" 4138  10931.186523 18965.568359 9804.100586
  32           "ey" 2271  7311.812988 13029.200195 6026.289062
  33           "hh" 1660  4118.666992 5221.658203 3253.553955
  34           "ih" 4248  8745.625000 12676.957031 7505.076660
  35           "ix" 7370  11407.159180 11918.486328 10290.473633
  36           "iy" 4626  11893.916016 19518.052734 12177.584961
  37           "jh" 1013  3117.961426 3467.644043 3560.386475
  38           "ng" 1220  3243.141357 3967.649902 3140.940186
  39           "ow" 1653  4978.171387 10414.902344 4783.769531
  40           "oy"  304  1112.992432 2155.235107 1778.403442
  41           "sh" 1317  4931.478027 8210.039062 4251.725098
  42           "th"  745  2188.050293 2541.822021 2040.088623
  43           "uh"  500  934.481262 1443.423706 882.256836
  44           "uw" 1952  4863.154785 7860.699707 5121.967285
  45           "zh"  149  523.664551 550.166504 514.964111
  46          "epi"  908  1294.913208 1239.208618 1480.208130
  47          "sil" 8283  47073.679688 55639.921875 42112.007812
  48          "vcl" 1672  2438.195312 2930.302979 4548.995605
