   1            "b" 2181  8009.753906 3913.524658 4353.275879
   2            "d" 2432  7402.404297 4205.129883 4536.138184
   3            "f" 2215  7001.536133 10217.883789 5705.738770
   4            "g" 1191  4191.145020 2157.712402 2924.004150
   5            "k" 3794  14903.854492 9198.965820 13523.698242
   6            "l" 4425  12095.940430 10226.188477 11729.573242
   7            "m" 3566  8893.750000 10246.680664 8339.102539
   8            "n" 6896  13600.530273 14571.258789 15845.420898
   9            "p" 2588  12496.210938 6360.824219 7120.604004
  10            "r" 4681  9282.058594 9634.125000 10901.059570
  11            "s" 6176  27654.087891 30625.560547 15614.554688
  12            "t" 3948  12876.115234 9330.923828 12220.797852
  13            "v" 1994  3374.028809 4260.633789 4992.584961
  14            "w" 2216  6391.038086 6110.664062 5773.993652
  15            "y"  995  2538.477539 2444.171143 2822.610352
  16            "z" 3682  12619.224609 14560.480469 9621.360352
  17           "aa" 2256  6626.442871 12313.806641 7429.427246
  18           "ae" 2292  7403.658203 13339.541016 7508.541504
  19           "ah" 2266  5523.675781 7559.214844 4452.982910
  20           "ao" 1865  6184.699219 10983.736328 5877.471191
  21           "aw"  728  2788.852051 5256.879395 3322.727051
  22           "ax" 3892  6011.557617 5396.275879 5698.108398
  23           "ay" 1934  6958.631348 12405.839844 8605.035156
  24           "ch"  820  2979.583252 3893.803955 3423.997559
  25           "cl" 2744  4641.015137 4805.323242 9007.299805
  26           "dh" 2376  4954.061523 3671.876465 4063.000000
  27           "dx" 1864  2385.403320 2714.931396 3205.978271
  28           "eh" 3277  8455.775391 10630.307617 7248.749512
  29           "el"  951  2929.391113 3766.952637 2761.658447
  30           "en"  630  1520.889160 2385.356689 1671.474731
  31           "er" 4138  11929.337891 16146.065430 10537.512695
  32           "ey" 2271  7779.597656 12023.150391 6350.117188
  33           "hh" 1660  4303.381836 4995.958008 3677.352051
  34           "ih" 4248  9083.340820 11272.897461 8016.046387
  35           "ix" 7370  11350.567383 11577.092773 10529.862305
  36           "iy" 4626  12014.991211 19502.482422 12045.031250
  37           "jh" 1013  3250.385254 3387.901855 3600.737305
  38           "ng" 1220  3162.282227 3771.059326 3244.289795
  39           "ow" 1653  5355.316406 9122.507812 5099.301758
  40           "oy"  304  1092.022217 2053.550049 1826.371826
  41           "sh" 1317  4976.201660 8015.511230 4253.504395
  42           "th"  745  2323.000488 2471.556152 2086.404785
  43           "uh"  500  964.027771 1396.362061 874.393372
  44           "uw" 1952  5067.358887 7268.587891 5072.707031
  45           "zh"  149  570.013611 548.091370 530.031372
  46          "epi"  908  1489.143677 1227.212646 1466.048096
  47          "sil" 8283  47194.117188 54780.921875 43734.710938
  48          "vcl" 1672  2711.137207 2994.039551 4523.764648
