   1            "b" 2181  7968.578613 4467.695312 4475.666992
   2            "d" 2432  7731.481445 4227.475586 4673.536621
   3            "f" 2215  7351.154785 9999.183594 6139.079590
   4            "g" 1191  4179.105469 2431.097168 3204.251953
   5            "k" 3794  14890.976562 10574.501953 12796.185547
   6            "l" 4425  12240.648438 10735.807617 11275.339844
   7            "m" 3566  8950.714844 10346.705078 8778.211914
   8            "n" 6896  14124.795898 13470.570312 16528.550781
   9            "p" 2588  12254.610352 6953.388672 7263.135254
  10            "r" 4681  9772.726562 9607.000977 10569.299805
  11            "s" 6176  26689.037109 31205.533203 16731.804688
  12            "t" 3948  13519.176758 9917.004883 11482.278320
  13            "v" 1994  4004.781738 4406.096191 4798.162598
  14            "w" 2216  6595.582031 6300.692871 5810.009766
  15            "y"  995  2776.941406 2506.498291 2924.058594
  16            "z" 3682  13464.659180 14571.001953 9566.798828
  17           "aa" 2256  7013.287109 11165.150391 7841.982910
  18           "ae" 2292  7440.762695 12579.011719 7824.263184
  19           "ah" 2266  5569.390137 6545.167480 4395.303223
  20           "ao" 1865  5960.537598 10268.480469 6448.107422
  21           "aw"  728  3012.447266 4767.378906 3486.112793
  22           "ax" 3892  6090.870605 5024.223633 5359.872070
  23           "ay" 1934  7587.668945 11031.359375 8632.701172
  24           "ch"  820  3146.270020 3668.354492 3557.520264
  25           "cl" 2744  5054.720215 4899.650879 8934.844727
  26           "dh" 2376  5181.321289 3846.928223 4259.780273
  27           "dx" 1864  2670.312988 2810.810791 3098.183105
  28           "eh" 3277  8051.703613 10168.364258 7025.563965
  29           "el"  951  2994.022461 3774.506104 2715.098145
  30           "en"  630  1564.836792 2347.531494 1766.757935
  31           "er" 4138  11868.702148 15085.271484 10881.419922
  32           "ey" 2271  8216.716797 10750.834961 7006.944824
  33           "hh" 1660  4848.657715 4800.581055 3868.698486
  34           "ih" 4248  9163.587891 10292.985352 7893.379395
  35           "ix" 7370  11496.955078 10614.046875 10211.259766
  36           "iy" 4626  12452.898438 18666.019531 12449.606445
  37           "jh" 1013  3475.473633 3402.800537 3954.880127
  38           "ng" 1220  3230.587646 3746.774658 3410.190430
  39           "ow" 1653  5719.534668 7853.596191 5514.729004
  40           "oy"  304  1087.476929 1932.956055 1856.827393
  41           "sh" 1317  5440.698730 7689.330566 4301.475098
  42           "th"  745  2406.631104 2516.331787 2129.590088
  43           "uh"  500  1003.097229 1298.930908 829.519592
  44           "uw" 1952  5250.006836 6660.641602 5386.264648
  45           "zh"  149  608.108643 552.335510 535.573486
  46          "epi"  908  1530.575073 1335.213867 1466.154297
  47          "sil" 8283  47352.171875 44856.718750 50783.921875
  48          "vcl" 1672  2927.313965 3107.142090 4267.888184
