   1            "b" 2181  7153.401855 4574.556641 3427.432617
   2            "d" 2432  6985.299316 3446.173584 4556.166992
   3            "f" 2215  7044.889648 10552.676758 5633.087891
   4            "g" 1191  3519.064209 2295.345215 3046.008545
   5            "k" 3794  11482.778320 9254.388672 15159.753906
   6            "l" 4425  11688.776367 11943.925781 12152.588867
   7            "m" 3566  7482.779785 10008.509766 9265.822266
   8            "n" 6896  11771.930664 16000.287109 15101.690430
   9            "p" 2588  8981.927734 7075.028809 8511.874023
  10            "r" 4681  9903.769531 11121.390625 10876.957031
  11            "s" 6176  21784.369141 35272.769531 20557.115234
  12            "t" 3948  11927.469727 8027.211426 12473.850586
  13            "v" 1994  3604.875977 4126.790039 4635.395508
  14            "w" 2216  6268.296875 6579.199219 5615.124512
  15            "y"  995  2572.397461 2724.149902 2752.635254
  16            "z" 3682  13379.268555 13851.263672 10383.794922
  17           "aa" 2256  6829.711914 11607.562500 8312.755859
  18           "ae" 2292  8998.473633 12379.920898 7289.715820
  19           "ah" 2266  5820.940430 7255.702637 5260.068848
  20           "ao" 1865  6143.003418 9863.830078 6681.970703
  21           "aw"  728  3055.157715 4783.288086 3555.505859
  22           "ax" 3892  5823.256348 5517.102539 5834.715820
  23           "ay" 1934  7672.387695 10743.104492 9634.718750
  24           "ch"  820  2984.428223 2946.915527 4050.994629
  25           "cl" 2744  4824.940918 4482.484863 8479.805664
  26           "dh" 2376  4634.068848 3567.602783 4014.941650
  27           "dx" 1864  2715.651123 2298.148682 3156.373779
  28           "eh" 3277  8578.564453 10364.297852 8129.603027
  29           "el"  951  2786.253418 4398.556641 2901.512451
  30           "en"  630  1463.585449 2606.884277 1684.211060
  31           "er" 4138  12203.736328 15861.801758 12232.783203
  32           "ey" 2271  8448.671875 10912.660156 7339.303711
  33           "hh" 1660  4649.689941 3790.939941 3548.619629
  34           "ih" 4248  9039.343750 11437.144531 8655.773438
  35           "ix" 7370  11166.535156 11899.939453 11274.587891
  36           "iy" 4626  11339.154297 20936.464844 12935.947266
  37           "jh" 1013  3091.021484 3224.780762 4092.900391
  38           "ng" 1220  3115.281494 3353.610596 3525.477295
  39           "ow" 1653  5404.526855 8821.993164 5151.208984
  40           "oy"  304  962.503906 2312.233643 1678.303467
  41           "sh" 1317  5454.114258 7391.858887 4439.218262
  42           "th"  745  2285.024414 2425.810059 2293.474609
  43           "uh"  500  1043.745972 1235.134888 1028.648071
  44           "uw" 1952  5243.157227 7611.039551 4977.057129
  45           "zh"  149  497.141815 568.015442 541.213623
  46          "epi"  908  1593.872559 1333.180786 1371.764771
  47          "sil" 8283  49057.269531 45998.437500 45607.339844
  48          "vcl" 1672  2886.109131 2534.346191 4311.553223
