   1            "b" 2181  7687.930176 4119.043457 3092.733398
   2            "d" 2432  7496.058105 3690.376953 4509.916504
   3            "f" 2215  6985.623047 10398.688477 6047.546387
   4            "g" 1191  3806.134766 2528.952393 2926.420166
   5            "k" 3794  12990.537109 9638.252930 13328.075195
   6            "l" 4425  14049.210938 11147.913086 11301.541016
   7            "m" 3566  10928.728516 8900.447266 6815.379883
   8            "n" 6896  15264.831055 14700.238281 12445.629883
   9            "p" 2588  8571.255859 7261.762207 9064.894531
  10            "r" 4681  10514.909180 10285.337891 10225.006836
  11            "s" 6176  21308.324219 31954.603516 22461.664062
  12            "t" 3948  12100.701172 8548.209961 12823.577148
  13            "v" 1994  4270.900879 3839.495605 4247.210449
  14            "w" 2216  6449.112793 6645.339355 6006.186035
  15            "y"  995  2767.508057 2635.390625 2793.434570
  16            "z" 3682  12793.366211 12176.502930 11596.858398
  17           "aa" 2256  7600.616699 11030.566406 8577.564453
  18           "ae" 2292  9782.875977 11282.181641 7931.832031
  19           "ah" 2266  7239.203125 5958.826172 4730.850586
  20           "ao" 1865  7268.237793 9124.544922 6609.614746
  21           "aw"  728  3895.742920 4302.377930 3330.601074
  22           "ax" 3892  6630.060547 5505.850098 5162.808105
  23           "ay" 1934  8550.276367 9770.483398 9508.734375
  24           "ch"  820  3700.187744 3336.115967 3132.323242
  25           "cl" 2744  5062.475586 6220.152344 6293.436035
  26           "dh" 2376  5219.179199 3814.785156 4025.145996
  27           "dx" 1864  2600.988525 2399.217773 2917.631592
  28           "eh" 3277  8810.119141 10275.137695 7954.931152
  29           "el"  951  2960.857178 4230.262695 3122.847656
  30           "en"  630  1675.764404 2445.623779 1731.826050
  31           "er" 4138  11988.941406 15623.424805 12648.626953
  32           "ey" 2271  8774.926758 10497.020508 7251.916016
  33           "hh" 1660  5472.454590 3696.105957 3277.449219
  34           "ih" 4248  11290.127930 9974.899414 7642.713867
  35           "ix" 7370  13534.853516 11097.527344 9914.809570
  36           "iy" 4626  12752.984375 18882.527344 13891.044922
  37           "jh" 1013  3688.967529 3682.737793 3245.714355
  38           "ng" 1220  3523.747314 3351.806885 3324.946289
  39           "ow" 1653  6283.569824 7481.330566 5717.684570
  40           "oy"  304  2052.174072 1573.343018 1232.284424
  41           "sh" 1317  5015.163574 6709.858887 5572.067383
  42           "th"  745  2442.618896 2477.821533 2080.778076
  43           "uh"  500  1327.958374 1113.452759 841.729736
  44           "uw" 1952  5870.992676 6899.469727 4974.046875
  45           "zh"  149  640.986877 440.343628 502.613007
  46          "epi"  908  1709.143066 1422.315186 1288.626465
  47          "sil" 8283  49505.906250 39176.312500 49818.019531
  48          "vcl" 1672  3100.645996 2932.169922 3723.660889
