   1            "b" 2181  7946.853027 4266.433105 4443.945801
   2            "d" 2432  7578.755859 4197.898438 4675.044434
   3            "f" 2215  7387.641113 10047.001953 5967.249512
   4            "g" 1191  4205.164062 2328.868652 3154.624512
   5            "k" 3794  14970.622070 10023.288086 13073.317383
   6            "l" 4425  12090.663086 10548.189453 11536.433594
   7            "m" 3566  9074.367188 10266.524414 8685.662109
   8            "n" 6896  14315.950195 13612.555664 16740.541016
   9            "p" 2588  12259.956055 6824.876465 7152.573730
  10            "r" 4681  9838.088867 9550.614258 10533.568359
  11            "s" 6176  27420.240234 30863.578125 16110.872070
  12            "t" 3948  13310.677734 9557.770508 11758.291992
  13            "v" 1994  3746.313965 4355.916504 4811.933594
  14            "w" 2216  6504.128906 6405.168457 5781.182617
  15            "y"  995  2675.718262 2437.284668 2939.278809
  16            "z" 3682  13414.171875 14593.740234 9425.714844
  17           "aa" 2256  6749.526855 11454.957031 7759.806152
  18           "ae" 2292  7497.977539 12681.031250 7837.230469
  19           "ah" 2266  5502.883301 6802.807617 4408.391113
  20           "ao" 1865  5938.773926 10251.590820 6477.382812
  21           "aw"  728  2950.837158 4928.576172 3433.756836
  22           "ax" 3892  6081.717285 5110.643066 5488.878906
  23           "ay" 1934  7338.936035 11472.532227 8593.319336
  24           "ch"  820  3043.344727 3764.558594 3541.155273
  25           "cl" 2744  5049.418945 4885.621582 8949.666992
  26           "dh" 2376  5133.845215 3761.508545 4179.609863
  27           "dx" 1864  2612.651611 2827.469482 3093.448975
  28           "eh" 3277  8280.532227 10161.676758 7108.239746
  29           "el"  951  2960.012451 3703.431641 2762.489990
  30           "en"  630  1524.476074 2397.958496 1737.630493
  31           "er" 4138  11891.019531 15274.667969 10910.041016
  32           "ey" 2271  7991.444824 11136.662109 6815.896973
  33           "hh" 1660  4630.840332 4893.436523 3850.208496
  34           "ih" 4248  9069.795898 10554.555664 7854.559570
  35           "ix" 7370  11415.680664 10824.579102 10368.806641
  36           "iy" 4626  12074.061523 18890.828125 12799.700195
  37           "jh" 1013  3370.417236 3391.739990 3815.061768
  38           "ng" 1220  3176.732666 3780.845703 3406.428711
  39           "ow" 1653  5575.314453 8159.637695 5554.913574
  40           "oy"  304  1086.808105 1949.007324 1880.457642
  41           "sh" 1317  5265.295410 7844.480469 4188.302734
  42           "th"  745  2396.098633 2515.538818 2100.074463
  43           "uh"  500  990.541138 1331.526367 844.940796
  44           "uw" 1952  5140.366211 6837.071777 5234.746094
  45           "zh"  149  587.399963 555.201111 537.579956
  46          "epi"  908  1467.684814 1327.397217 1454.527710
  47          "sil" 8283  49550.570312 45227.535156 49094.980469
  48          "vcl" 1672  2889.983643 3002.816406 4394.295410
