   1            "b" 2181  8024.818848 3719.548096 4467.667969
   2            "d" 2432  7523.711914 4108.220215 4501.372559
   3            "f" 2215  6955.829102 10212.226562 5563.938965
   4            "g" 1191  4207.811523 2123.249512 2791.646729
   5            "k" 3794  14865.020508 9093.099609 13599.283203
   6            "l" 4425  12160.226562 9950.003906 11857.615234
   7            "m" 3566  8859.420898 10483.682617 8194.224609
   8            "n" 6896  12936.000000 15174.110352 15059.112305
   9            "p" 2588  12419.063477 6123.343262 7060.654785
  10            "r" 4681  9396.077148 9653.198242 10780.427734
  11            "s" 6176  27851.207031 30266.457031 15909.307617
  12            "t" 3948  12853.088867 9202.542969 12303.988281
  13            "v" 1994  3244.007812 4186.479492 5150.968750
  14            "w" 2216  6364.762207 5885.438965 5818.610840
  15            "y"  995  2551.855957 2427.463623 2761.911377
  16            "z" 3682  12172.227539 14626.500977 9720.314453
  17           "aa" 2256  6740.054199 12766.306641 7246.578613
  18           "ae" 2292  7313.470703 13662.408203 7412.562500
  19           "ah" 2266  5605.575195 7766.669434 4498.849121
  20           "ao" 1865  6368.866211 11211.416016 5673.850586
  21           "aw"  728  2745.058594 5404.449219 3300.941895
  22           "ax" 3892  5970.604004 5553.331055 5676.777344
  23           "ay" 1934  6843.541016 12811.308594 8565.064453
  24           "ch"  820  2925.062500 3922.199951 3430.489258
  25           "cl" 2744  4530.775879 4780.559082 9101.857422
  26           "dh" 2376  4918.551758 3749.178955 3977.064941
  27           "dx" 1864  2309.595215 2678.531982 3195.038330
  28           "eh" 3277  8405.343750 11064.444336 7266.326660
  29           "el"  951  2883.018799 3813.298096 2753.062012
  30           "en"  630  1494.213867 2381.342285 1760.616821
  31           "er" 4138  11858.500977 16703.558594 10394.876953
  32           "ey" 2271  7629.984863 12407.964844 6194.928711
  33           "hh" 1660  4257.347168 5128.702148 3437.353271
  34           "ih" 4248  9139.374023 11687.410156 8003.465332
  35           "ix" 7370  11370.377930 11748.170898 10488.513672
  36           "iy" 4626  12060.986328 19342.113281 12198.336914
  37           "jh" 1013  3187.816406 3451.009277 3541.430664
  38           "ng" 1220  3225.886963 3740.961914 3274.385010
  39           "ow" 1653  5259.591797 9512.540039 5015.975098
  40           "oy"  304  1089.229614 2125.927979 1789.615479
  41           "sh" 1317  4934.873047 8090.449707 4278.541504
  42           "th"  745  2245.492676 2520.117432 2048.507080
  43           "uh"  500  956.137939 1412.650635 874.045288
  44           "uw" 1952  5077.231445 7487.817383 5015.858887
  45           "zh"  149  556.872620 543.620178 532.323975
  46          "epi"  908  1460.483032 1203.389648 1483.433960
  47          "sil" 8283  45637.121094 56034.894531 43406.433594
  48          "vcl" 1672  2608.317139 2981.487061 4526.280762
