   1            "b" 2181  7761.625488 4834.231934 4535.877441
   2            "d" 2432  7676.795410 4281.711426 4676.105957
   3            "f" 2215  7432.022949 9704.459961 6692.928223
   4            "g" 1191  4032.800049 2672.116455 3452.087646
   5            "k" 3794  14650.641602 11097.824219 12626.579102
   6            "l" 4425  12617.209961 10832.329102 11324.667969
   7            "m" 3566  9139.589844 10429.158203 8766.523438
   8            "n" 6896  14365.426758 13917.676758 15775.714844
   9            "p" 2588  12395.277344 6628.858398 7463.860352
  10            "r" 4681  9690.848633 9598.266602 10712.176758
  11            "s" 6176  25557.990234 31843.070312 17764.847656
  12            "t" 3948  13788.599609 10126.353516 11128.779297
  13            "v" 1994  4180.243164 4650.957520 4688.524902
  14            "w" 2216  6476.894531 6384.339844 6035.258789
  15            "y"  995  2843.812500 2613.157959 2844.131104
  16            "z" 3682  13157.447266 13677.131836 10557.680664
  17           "aa" 2256  7241.706543 10743.537109 7904.841797
  18           "ae" 2292  7662.446777 11754.929688 8092.500977
  19           "ah" 2266  5651.700195 6233.957520 4390.703613
  20           "ao" 1865  6225.316895 9475.875000 6656.208008
  21           "aw"  728  3214.382324 4499.867188 3468.697266
  22           "ax" 3892  5951.002441 5084.189941 5139.558594
  23           "ay" 1934  7670.820312 10751.518555 8690.285156
  24           "ch"  820  3231.109131 3695.694092 3637.360107
  25           "cl" 2744  5217.950684 4938.215820 8796.825195
  26           "dh" 2376  5179.504883 4042.602783 4395.045410
  27           "dx" 1864  2849.593994 2868.282959 3125.931885
  28           "eh" 3277  8146.444824 9904.532227 6901.082031
  29           "el"  951  3041.495850 3734.464355 2863.354248
  30           "en"  630  1694.767456 2199.995605 1806.227783
  31           "er" 4138  11853.975586 14662.962891 11132.921875
  32           "ey" 2271  8456.683594 10318.136719 7182.162109
  33           "hh" 1660  4926.459473 4946.454102 3866.873535
  34           "ih" 4248  9033.069336 9916.866211 7921.334961
  35           "ix" 7370  11173.651367 10560.247070 10279.161133
  36           "iy" 4626  12511.280273 18090.523438 13025.328125
  37           "jh" 1013  3628.580322 3466.206787 3969.282227
  38           "ng" 1220  3385.964600 3628.252197 3407.967285
  39           "ow" 1653  5636.380859 7670.126953 5498.896973
  40           "oy"  304  1112.699341 1966.558716 1779.862915
  41           "sh" 1317  5509.216309 7406.693359 4776.161133
  42           "th"  745  2452.313965 2450.046875 2165.242432
  43           "uh"  500  989.615356 1211.915283 839.547852
  44           "uw" 1952  5244.613281 6680.511719 5443.298828
  45           "zh"  149  599.174866 577.054260 517.625916
  46          "epi"  908  1615.942261 1316.082764 1499.746704
  47          "sil" 8283  47468.082031 42557.613281 51269.261719
  48          "vcl" 1672  2959.036133 3026.480225 4359.061523
