   1            "b" 2181  7346.584473 4016.654053 3097.001953
   2            "d" 2432  7088.502441 3498.999756 4716.333984
   3            "f" 2215  6728.376465 10645.625000 6350.001465
   4            "g" 1191  3639.276367 2337.224121 2467.405518
   5            "k" 3794  12846.646484 7840.254395 14932.899414
   6            "l" 4425  14207.177734 11192.579102 9438.123047
   7            "m" 3566  11148.491211 8635.751953 6060.698730
   8            "n" 6896  16446.222656 12815.278320 11609.024414
   9            "p" 2588  8711.958984 6851.468750 9558.935547
  10            "r" 4681  9898.893555 10884.257812 10367.791992
  11            "s" 6176  19590.638672 37499.675781 20479.769531
  12            "t" 3948  11898.336914 6839.241211 14826.004883
  13            "v" 1994  3457.448975 4050.860596 4325.479492
  14            "w" 2216  5745.409668 6646.727051 5190.974121
  15            "y"  995  2505.819092 2559.097656 2711.845947
  16            "z" 3682  12019.612305 14317.409180 11680.943359
  17           "aa" 2256  7409.362793 13184.363281 7276.271973
  18           "ae" 2292  8776.447266 13744.055664 7666.132812
  19           "ah" 2266  7519.860840 6446.046875 4680.290039
  20           "ao" 1865  6718.569824 10283.864258 5733.604004
  21           "aw"  728  3508.655273 4885.528809 3141.111328
  22           "ax" 3892  6463.582031 6376.737793 4830.384766
  23           "ay" 1934  7186.807129 12518.820312 9046.808594
  24           "ch"  820  3638.622314 3574.099121 2836.560059
  25           "cl" 2744  4815.319336 6521.025391 5963.926758
  26           "dh" 2376  4766.666992 4166.091797 3283.989746
  27           "dx" 1864  2309.291016 2309.680420 2552.917725
  28           "eh" 3277  8366.219727 11343.285156 8485.982422
  29           "el"  951  2471.544678 4480.939941 2809.304443
  30           "en"  630  1479.300415 2458.549561 1595.543457
  31           "er" 4138  10346.073242 17574.724609 12370.183594
  32           "ey" 2271  8251.773438 11482.394531 7067.726074
  33           "hh" 1660  5880.216309 2879.728271 2947.311523
  34           "ih" 4248  12874.136719 9172.131836 7509.465820
  35           "ix" 7370  12768.175781 12506.682617 9875.323242
  36           "iy" 4626  10573.150391 20366.285156 13574.114258
  37           "jh" 1013  3212.030273 3771.579590 3380.341309
  38           "ng" 1220  3271.096436 3150.807861 2841.351074
  39           "ow" 1653  6450.227051 8312.605469 4660.824219
  40           "oy"  304  1901.867188 1544.472900 1158.248413
  41           "sh" 1317  5251.861328 7481.913574 4856.140625
  42           "th"  745  2518.011963 2672.217285 1799.725098
  43           "uh"  500  1486.724121 1105.306152 778.080750
  44           "uw" 1952  4800.482422 7688.881836 4705.782715
  45           "zh"  149  568.375671 477.694916 501.432739
  46          "epi"  908  1842.115479 1338.036621 1333.509644
  47          "sil" 8283  54721.722656 55385.234375 33402.792969
  48          "vcl" 1672  2395.989990 3139.031494 3546.340576
