   1            "b" 2181  7609.112793 4253.045410 3125.021973
   2            "d" 2432  7451.140625 3714.183594 4516.266602
   3            "f" 2215  7015.756836 10291.375000 6088.119141
   4            "g" 1191  3760.940918 2556.550293 3007.997559
   5            "k" 3794  13086.431641 9631.349609 13300.580078
   6            "l" 4425  14117.744141 11004.541992 11418.313477
   7            "m" 3566  10885.030273 8950.532227 6871.198242
   8            "n" 6896  15168.911133 14883.302734 12477.722656
   9            "p" 2588  8738.103516 7224.835449 9072.984375
  10            "r" 4681  10624.262695 10085.636719 10282.306641
  11            "s" 6176  21360.078125 32034.710938 22186.501953
  12            "t" 3948  12127.020508 8572.114258 12679.840820
  13            "v" 1994  4311.043457 3806.705811 4258.793457
  14            "w" 2216  6445.383789 6660.897949 5974.510254
  15            "y"  995  2813.795898 2629.450439 2819.715820
  16            "z" 3682  12690.723633 12173.346680 11536.481445
  17           "aa" 2256  7638.759766 10982.639648 8551.421875
  18           "ae" 2292  9767.281250 11085.484375 8077.132812
  19           "ah" 2266  7133.978027 6072.571777 4716.915039
  20           "ao" 1865  7232.394531 9106.720703 6659.833984
  21           "aw"  728  3889.168213 4320.056152 3331.911377
  22           "ax" 3892  6716.517090 5415.508789 5160.707520
  23           "ay" 1934  8670.352539 9649.021484 9467.937500
  24           "ch"  820  3659.654541 3349.236816 3127.679443
  25           "cl" 2744  5071.901367 6219.562012 6367.847168
  26           "dh" 2376  5248.379883 3806.208496 3998.136719
  27           "dx" 1864  2631.752686 2369.987793 2933.543945
  28           "eh" 3277  8736.305664 10162.717773 8043.353027
  29           "el"  951  3001.951416 4198.342773 3124.068115
  30           "en"  630  1701.205688 2430.649414 1736.549316
  31           "er" 4138  12251.456055 15549.718750 12545.613281
  32           "ey" 2271  8779.666992 10429.368164 7369.056641
  33           "hh" 1660  5520.452148 3727.397705 3223.432129
  34           "ih" 4248  11207.142578 9981.198242 7644.582520
  35           "ix" 7370  13660.609375 11033.141602 9816.449219
  36           "iy" 4626  12893.776367 18775.234375 13837.416992
  37           "jh" 1013  3706.153809 3687.682373 3249.357910
  38           "ng" 1220  3527.126953 3346.505615 3325.254883
  39           "ow" 1653  6258.467285 7480.551270 5736.560547
  40           "oy"  304  2036.440063 1565.524658 1236.068359
  41           "sh" 1317  5024.996582 6776.748535 5495.586914
  42           "th"  745  2415.630615 2470.115234 2080.897949
  43           "uh"  500  1319.976562 1121.976440 837.603516
  44           "uw" 1952  5944.396484 6808.998535 4964.670410
  45           "zh"  149  651.880310 441.607239 504.509521
  46          "epi"  908  1699.979126 1418.831543 1305.825806
  47          "sil" 8283  49663.207031 39361.722656 49454.683594
  48          "vcl" 1672  3158.326172 2924.900879 3713.860352
