   1            "b" 2181  6788.229980 4358.704590 3547.165527
   2            "d" 2432  6759.785645 3736.205322 5077.810547
   3            "f" 2215  6269.121582 10612.823242 7100.780762
   4            "g" 1191  3766.048828 2021.341309 2712.681396
   5            "k" 3794  13316.629883 6771.096680 16518.363281
   6            "l" 4425  11804.667969 9898.374023 7154.392090
   7            "m" 3566  12750.001953 6517.821289 5635.600586
   8            "n" 6896  18657.703125 11395.117188 11183.608398
   9            "p" 2588  8856.287109 7187.437500 10490.931641
  10            "r" 4681  10036.916016 11537.929688 8204.819336
  11            "s" 6176  16437.478516 40616.593750 20613.294922
  12            "t" 3948  11641.018555 6770.799316 16332.971680
  13            "v" 1994  3771.566895 4139.294922 4197.527832
  14            "w" 2216  5676.866211 5525.405273 5410.971191
  15            "y"  995  1996.028442 2667.575195 2433.170410
  16            "z" 3682  10759.980469 15154.158203 12044.458984
  17           "aa" 2256  5401.257812 16644.359375 6526.316406
  18           "ae" 2292  6230.858887 17417.605469 7540.562500
  19           "ah" 2266  8970.791016 5196.722168 4372.560059
  20           "ao" 1865  6298.584961 12197.996094 4613.629883
  21           "aw"  728  2538.601074 5985.933105 2613.425537
  22           "ax" 3892  6459.582031 6076.107422 4964.166016
  23           "ay" 1934  4829.805664 17331.298828 7210.054688
  24           "ch"  820  3594.067627 3834.566162 2770.291992
  25           "cl" 2744  4946.301270 7914.037598 5630.379395
  26           "dh" 2376  4366.584473 3499.289062 3260.915283
  27           "dx" 1864  2274.099609 2776.559326 2178.167480
  28           "eh" 3277  6784.426270 15068.328125 8635.992188
  29           "el"  951  2331.928955 4206.203125 2617.301270
  30           "en"  630  1445.021973 2473.870850 1328.856445
  31           "er" 4138  8522.514648 20641.734375 10535.640625
  32           "ey" 2271  5890.296875 14130.654297 6734.545410
  33           "hh" 1660  5929.985352 2783.576172 2608.256348
  34           "ih" 4248  13864.505859 8811.715820 7333.155273
  35           "ix" 7370  13751.405273 11146.769531 10076.625000
  36           "iy" 4626  10457.833008 19621.310547 11354.157227
  37           "jh" 1013  3119.504150 3583.967041 3534.041992
  38           "ng" 1220  3310.111572 3291.431152 2366.448975
  39           "ow" 1653  6295.895020 8821.940430 4102.184570
  40           "oy"  304  2023.710083 1792.101196 954.848755
  41           "sh" 1317  4205.641602 8670.611328 4639.784180
  42           "th"  745  2379.750977 2945.265137 1665.912354
  43           "uh"  500  1639.264282 890.755920 747.576477
  44           "uw" 1952  4277.930664 8290.629883 4087.249756
  45           "zh"  149  487.402649 552.676880 463.748993
  46          "epi"  908  1643.479858 1430.391479 1510.244263
  47          "sil" 8283  61876.945312 56301.878906 30680.001953
  48          "vcl" 1672  2854.516113 3854.947266 3120.171387
