   1            "b" 2181  7163.210938 4591.741699 3629.597412
   2            "d" 2432  7108.853516 3580.786621 4646.916992
   3            "f" 2215  7067.696777 10391.658203 5729.354980
   4            "g" 1191  3509.412109 2417.682373 3171.207275
   5            "k" 3794  11789.727539 9424.938477 14754.021484
   6            "l" 4425  12169.056641 11518.765625 12550.572266
   7            "m" 3566  7428.816895 10182.517578 9381.789062
   8            "n" 6896  12342.083984 15392.433594 15293.481445
   9            "p" 2588  9086.119141 7164.253418 8516.638672
  10            "r" 4681  9817.067383 11234.955078 10895.850586
  11            "s" 6176  22133.996094 33737.757812 21420.373047
  12            "t" 3948  12104.520508 8035.681641 12567.131836
  13            "v" 1994  3793.745605 4285.395996 4493.416504
  14            "w" 2216  6500.229004 6383.620605 5907.263184
  15            "y"  995  2638.150391 2856.931885 2763.361816
  16            "z" 3682  13253.095703 14088.709961 10217.671875
  17           "aa" 2256  7051.550781 11207.708008 8504.353516
  18           "ae" 2292  9177.838867 12066.245117 7411.196777
  19           "ah" 2266  5951.707520 6984.600586 5191.341797
  20           "ao" 1865  6093.892090 9708.350586 6668.884766
  21           "aw"  728  3098.326660 4738.001953 3514.076416
  22           "ax" 3892  5989.812988 5504.937500 5602.598145
  23           "ay" 1934  8186.834961 10218.422852 9565.698242
  24           "ch"  820  2977.546143 3099.152100 4049.014160
  25           "cl" 2744  4877.833008 4643.832520 8389.915039
  26           "dh" 2376  4673.410156 3525.137207 4006.842773
  27           "dx" 1864  2636.192871 2236.633789 3143.716553
  28           "eh" 3277  8664.418945 10377.820312 7894.451660
  29           "el"  951  2848.793701 4330.873047 2882.971436
  30           "en"  630  1467.550781 2544.173828 1697.838135
  31           "er" 4138  12510.501953 15274.187500 12250.788086
  32           "ey" 2271  8356.176758 11058.422852 7177.076660
  33           "hh" 1660  4531.871094 3895.340820 3639.013184
  34           "ih" 4248  9251.069336 10990.263672 8752.791992
  35           "ix" 7370  11434.171875 11724.256836 11090.644531
  36           "iy" 4626  11763.292969 20123.382812 13206.281250
  37           "jh" 1013  3233.954834 3309.770752 4039.947754
  38           "ng" 1220  3142.158447 3286.304932 3566.767090
  39           "ow" 1653  5512.535156 8297.059570 5420.481934
  40           "oy"  304  994.732239 2229.714355 1691.222900
  41           "sh" 1317  5494.730469 7239.168945 4547.114258
  42           "th"  745  2302.594238 2334.918213 2347.427246
  43           "uh"  500  1055.348389 1220.344360 1018.789246
  44           "uw" 1952  5229.051758 7409.794922 5129.336426
  45           "zh"  149  509.911041 561.956970 541.647949
  46          "epi"  908  1599.799438 1326.914062 1384.665161
  47          "sil" 8283  47883.507812 43187.179688 48495.308594
  48          "vcl" 1672  2839.739746 2540.357910 4331.643066
