   1            "b" 2181  8521.926758 2739.303711 4875.020508
   2            "d" 2432  7786.698730 3538.275635 4736.715820
   3            "f" 2215  6666.437500 10510.765625 5353.342773
   4            "g" 1191  4406.651367 1899.394409 2221.297119
   5            "k" 3794  15884.264648 8220.035156 12725.541992
   6            "l" 4425  7856.411133 12692.019531 11630.106445
   7            "m" 3566  6480.973145 12318.980469 6745.150391
   8            "n" 6896  12181.839844 17808.294922 13923.330078
   9            "p" 2588  12755.990234 5227.529785 6778.251465
  10            "r" 4681  8683.827148 8686.318359 11690.025391
  11            "s" 6176  32419.654297 27587.095703 13346.405273
  12            "t" 3948  13650.901367 9406.713867 11348.515625
  13            "v" 1994  2819.354736 3621.985596 5907.282715
  14            "w" 2216  5882.853027 5194.476074 5595.323730
  15            "y"  995  2130.967529 2378.249756 2968.737061
  16            "z" 3682  10803.072266 16624.457031 8305.680664
  17           "aa" 2256  6419.186523 15391.456055 6221.254883
  18           "ae" 2292  6653.661621 16410.230469 6546.265137
  19           "ah" 2266  4994.569336 9145.819336 4152.215820
  20           "ao" 1865  5634.232910 13620.612305 4847.870605
  21           "aw"  728  2437.424805 5832.969238 2974.487061
  22           "ax" 3892  5221.930176 6294.734863 5865.543457
  23           "ay" 1934  5909.678711 15835.319336 7471.447266
  24           "ch"  820  2829.364502 4241.247070 2908.943359
  25           "cl" 2744  4092.658203 5282.738770 9436.783203
  26           "dh" 2376  4842.692383 3499.075439 3941.274414
  27           "dx" 1864  2227.187256 2240.366943 3770.904541
  28           "eh" 3277  7723.866211 13884.549805 6029.576172
  29           "el"  951  2254.097412 4573.113281 2484.935303
  30           "en"  630  1394.310913 2621.699463 1781.438965
  31           "er" 4138  9079.600586 22318.353516 8706.856445
  32           "ey" 2271  6626.218262 14238.585938 6104.002930
  33           "hh" 1660  4083.537354 4490.965820 3753.657959
  34           "ih" 4248  8070.827637 12943.884766 8197.517578
  35           "ix" 7370  10052.895508 12283.550781 11621.448242
  36           "iy" 4626  10653.818359 21866.845703 11072.918945
  37           "jh" 1013  3233.606445 2906.600586 3720.887939
  38           "ng" 1220  3203.908691 4455.097656 2868.316162
  39           "ow" 1653  4893.181152 11234.518555 4256.524414
  40           "oy"  304  1186.892700 2371.630127 1764.122803
  41           "sh" 1317  4302.492676 8827.251953 3420.087891
  42           "th"  745  2244.978516 2443.068115 1995.669189
  43           "uh"  500  863.606018 1462.756226 849.469055
  44           "uw" 1952  3944.523438 8486.900391 5373.881348
  45           "zh"  149  414.170166 598.163574 497.346893
  46          "epi"  908  1176.328491 1186.079346 1713.574951
  47          "sil" 8283  59625.992188 53061.312500 34445.234375
  48          "vcl" 1672  2311.948242 2864.483643 4974.461426
