   1            "b" 2181  8413.876953 3126.279541 4695.169434
   2            "d" 2432  7379.765137 4002.862549 4438.809082
   3            "f" 2215  7003.120605 10211.077148 5494.506348
   4            "g" 1191  4203.353516 1964.317505 2514.696289
   5            "k" 3794  15006.732422 9218.979492 12888.497070
   6            "l" 4425  12052.833008 10286.791992 11220.108398
   7            "m" 3566  7646.992188 12252.001953 7005.715820
   8            "n" 6896  12409.569336 16526.853516 13610.323242
   9            "p" 2588  12448.949219 5946.358887 7006.700195
  10            "r" 4681  9256.893555 8608.956055 10983.256836
  11            "s" 6176  29270.037109 29361.613281 15120.442383
  12            "t" 3948  13065.306641 9504.344727 11796.954102
  13            "v" 1994  2969.827637 3865.337646 5382.428711
  14            "w" 2216  6213.473145 5324.633301 6182.976562
  15            "y"  995  2398.089600 2329.035156 2836.741699
  16            "z" 3682  11598.395508 15585.915039 8724.032227
  17           "aa" 2256  6644.325684 14444.987305 6557.332031
  18           "ae" 2292  7106.982910 14887.583008 7346.290527
  19           "ah" 2266  5400.073730 8496.342773 4295.502930
  20           "ao" 1865  6171.884766 12084.796875 5653.062988
  21           "aw"  728  2452.656250 5987.404785 2982.124756
  22           "ax" 3892  5563.509766 6252.520996 5430.539062
  23           "ay" 1934  6100.193359 14706.865234 8072.683594
  24           "ch"  820  2782.859131 4016.240723 3462.232422
  25           "cl" 2744  4177.609863 4677.350586 9308.667969
  26           "dh" 2376  4771.386719 3623.720947 3917.495117
  27           "dx" 1864  2237.282227 2363.682617 3312.832275
  28           "eh" 3277  8341.737305 12798.794922 6705.784668
  29           "el"  951  2823.331543 4018.358887 2613.224365
  30           "en"  630  1502.749634 2418.005127 1631.534546
  31           "er" 4138  10459.427734 20218.115234 9320.018555
  32           "ey" 2271  7141.082031 13630.733398 5726.607910
  33           "hh" 1660  3985.291016 5127.873535 3306.474365
  34           "ih" 4248  8671.656250 13161.401367 7366.426270
  35           "ix" 7370  11196.867188 12073.919922 10577.850586
  36           "iy" 4626  11585.164062 20228.921875 11795.051758
  37           "jh" 1013  3134.550049 3367.051025 3558.701172
  38           "ng" 1220  3099.478027 4178.143555 2941.807861
  39           "ow" 1653  4886.128418 10979.276367 4419.743652
  40           "oy"  304  1125.822754 2213.290771 1770.786499
  41           "sh" 1317  4830.919922 8355.602539 4118.519531
  42           "th"  745  2164.888184 2458.480225 2037.992065
  43           "uh"  500  927.285339 1460.139038 863.807922
  44           "uw" 1952  4584.657715 8186.892090 5196.512695
  45           "zh"  149  498.904633 574.847412 505.959808
  46          "epi"  908  1233.381226 1221.810791 1508.798218
  47          "sil" 8283  47290.718750 57306.214844 40839.554688
  48          "vcl" 1672  2366.728271 2879.061523 4666.823242
