   1            "b" 2181  7655.578125 4174.316406 3105.214355
   2            "d" 2432  7483.088379 3691.610596 4517.989258
   3            "f" 2215  6999.255371 10355.666992 6060.974121
   4            "g" 1191  3795.650146 2545.881592 2953.928955
   5            "k" 3794  13051.918945 9640.544922 13306.283203
   6            "l" 4425  14063.689453 11079.667969 11360.459961
   7            "m" 3566  10904.579102 8921.660156 6845.273438
   8            "n" 6896  15228.219727 14766.708984 12462.006836
   9            "p" 2588  8614.910156 7262.989746 9069.145508
  10            "r" 4681  10553.243164 10187.100586 10249.544922
  11            "s" 6176  21317.998047 31972.841797 22352.714844
  12            "t" 3948  12117.536133 8553.882812 12763.959961
  13            "v" 1994  4285.333008 3831.997070 4251.250488
  14            "w" 2216  6468.158203 6642.050293 5990.693848
  15            "y"  995  2784.729980 2640.306152 2810.477539
  16            "z" 3682  12741.292969 12178.951172 11573.049805
  17           "aa" 2256  7592.400879 11033.274414 8576.311523
  18           "ae" 2292  9772.976562 11222.410156 7996.346191
  19           "ah" 2266  7191.195312 6009.957520 4726.750488
  20           "ao" 1865  7272.671387 9099.376953 6643.622070
  21           "aw"  728  3893.820312 4308.371582 3329.482666
  22           "ax" 3892  6671.219727 5455.700195 5153.808105
  23           "ay" 1934  8583.963867 9717.897461 9510.938477
  24           "ch"  820  3692.653076 3338.885254 3127.436523
  25           "cl" 2744  5059.323730 6204.899902 6331.985840
  26           "dh" 2376  5240.583984 3815.524902 4010.437500
  27           "dx" 1864  2614.342773 2394.105225 2919.950928
  28           "eh" 3277  8786.443359 10243.432617 7978.956543
  29           "el"  951  2979.048584 4216.796387 3120.745361
  30           "en"  630  1684.921143 2445.681152 1734.648804
  31           "er" 4138  12100.954102 15576.678711 12625.908203
  32           "ey" 2271  8784.922852 10469.562500 7305.076172
  33           "hh" 1660  5487.804688 3707.763916 3255.770752
  34           "ih" 4248  11231.376953 9995.123047 7648.500488
  35           "ix" 7370  13599.793945 11067.940430 9860.651367
  36           "iy" 4626  12792.991211 18846.429688 13885.623047
  37           "jh" 1013  3690.813477 3685.492920 3246.422119
  38           "ng" 1220  3528.462891 3345.840332 3312.630371
  39           "ow" 1653  6267.239746 7478.953125 5747.943359
  40           "oy"  304  2042.538696 1574.037964 1232.669922
  41           "sh" 1317  5017.613770 6727.351074 5540.554199
  42           "th"  745  2436.136230 2475.930908 2070.043213
  43           "uh"  500  1326.709473 1114.672607 838.871216
  44           "uw" 1952  5894.508301 6860.098145 4972.838867
  45           "zh"  149  646.498413 439.995819 503.696930
  46          "epi"  908  1712.071533 1418.399902 1292.634644
  47          "sil" 8283  49548.820312 39272.800781 49653.332031
  48          "vcl" 1672  3116.920654 2928.029541 3730.339600
