   1            "b" 2181  7275.112305 4144.430176 3148.742188
   2            "d" 2432  6866.792969 3572.987305 4831.033203
   3            "f" 2215  6433.115234 10852.896484 6651.215820
   4            "g" 1191  3571.059326 2243.330566 2399.179443
   5            "k" 3794  12416.875977 7601.184082 15118.586914
   6            "l" 4425  13390.749023 11136.040039 9005.723633
   7            "m" 3566  11922.923828 8009.254883 5876.113770
   8            "n" 6896  16466.462891 12911.742188 11107.353516
   9            "p" 2588  8494.315430 7023.628418 9648.719727
  10            "r" 4681  9536.869141 10796.804688 10063.117188
  11            "s" 6176  18969.316406 38573.058594 20443.546875
  12            "t" 3948  11365.808594 7405.698242 14871.359375
  13            "v" 1994  3442.631348 4072.406982 4304.499023
  14            "w" 2216  5944.737305 6166.886230 5327.401367
  15            "y"  995  2374.304199 2535.706543 2716.155273
  16            "z" 3682  11842.142578 14551.142578 11630.161133
  17           "aa" 2256  7060.177246 14055.609375 7163.454590
  18           "ae" 2292  8274.400391 14587.013672 7891.453613
  19           "ah" 2266  7898.420898 6064.643066 4823.842285
  20           "ao" 1865  6429.228027 10996.518555 5456.751465
  21           "aw"  728  3243.507568 5264.935059 3080.191895
  22           "ax" 3892  6528.068359 6556.279297 4773.636719
  23           "ay" 1934  6512.485840 13715.786133 8767.708008
  24           "ch"  820  3537.312744 3735.326904 2815.226074
  25           "cl" 2744  4388.135742 7073.973633 5919.541504
  26           "dh" 2376  5008.492676 4046.508545 3070.770264
  27           "dx" 1864  2325.207520 2442.977051 2338.834473
  28           "eh" 3277  8176.201660 11927.958984 8749.333008
  29           "el"  951  2494.372070 4491.585938 2534.239746
  30           "en"  630  1556.592651 2419.619629 1452.554810
  31           "er" 4138  9592.115234 18974.546875 11749.188477
  32           "ey" 2271  7741.166504 12022.204102 7099.565430
  33           "hh" 1660  5888.686035 2768.307861 2802.649414
  34           "ih" 4248  12755.565430 9482.256836 7487.619629
  35           "ix" 7370  12332.473633 13017.049805 10051.329102
  36           "iy" 4626  10109.278320 20474.119141 12862.999023
  37           "jh" 1013  3054.978516 3959.759277 3311.343994
  38           "ng" 1220  3169.380615 3167.536621 2675.701416
  39           "ow" 1653  6394.885254 8722.154297 4460.785645
  40           "oy"  304  2013.154785 1470.390015 1143.638550
  41           "sh" 1317  5073.340332 7652.241699 4923.888184
  42           "th"  745  2400.928711 2871.482910 1689.506226
  43           "uh"  500  1493.398438 1110.152466 752.955627
  44           "uw" 1952  4512.405273 8187.172852 4224.554199
  45           "zh"  149  560.338867 495.024139 490.197540
  46          "epi"  908  1818.026855 1363.664429 1484.005737
  47          "sil" 8283  53727.605469 59580.839844 31771.951172
  48          "vcl" 1672  2481.708984 3314.187988 3386.110352
