   1            "b" 2181  7510.428223 4057.470947 3071.292480
   2            "d" 2432  7215.872559 3565.361328 4695.167969
   3            "f" 2215  6860.352051 10613.345703 6245.843750
   4            "g" 1191  3651.615234 2286.589844 2601.111572
   5            "k" 3794  13052.865234 8121.553711 14606.813477
   6            "l" 4425  14514.081055 11094.509766 9571.307617
   7            "m" 3566  10941.323242 8821.182617 6083.639648
   8            "n" 6896  16249.289062 12935.753906 12175.189453
   9            "p" 2588  8703.439453 6737.456543 9536.671875
  10            "r" 4681  10062.215820 10644.597656 10506.726562
  11            "s" 6176  19778.660156 36907.617188 20599.580078
  12            "t" 3948  12048.761719 6886.605469 14678.978516
  13            "v" 1994  3509.881592 4151.577637 4400.282715
  14            "w" 2216  5781.962402 6778.666016 5265.623047
  15            "y"  995  2583.169678 2669.905273 2688.921875
  16            "z" 3682  12349.958008 14131.384766 11681.618164
  17           "aa" 2256  7348.526367 12520.335938 7608.411133
  18           "ae" 2292  9044.505859 13237.720703 7527.757324
  19           "ah" 2266  7355.531250 6482.145508 4611.911621
  20           "ao" 1865  6839.262207 9982.947266 6021.577148
  21           "aw"  728  3593.713623 4671.756348 3229.900391
  22           "ax" 3892  6389.046387 6198.045410 4838.809082
  23           "ay" 1934  7357.467285 11663.044922 9362.366211
  24           "ch"  820  3737.448975 3470.543701 2829.055908
  25           "cl" 2744  4940.548828 6334.942871 6095.363770
  26           "dh" 2376  4872.240234 4004.590332 3475.379883
  27           "dx" 1864  2332.829590 2301.766846 2648.711426
  28           "eh" 3277  8408.428711 10993.968750 8460.486328
  29           "el"  951  2472.096680 4487.273926 2937.848145
  30           "en"  630  1508.979736 2482.708740 1646.146729
  31           "er" 4138  10776.068359 17086.449219 12536.252930
  32           "ey" 2271  8505.535156 11247.665039 6882.913574
  33           "hh" 1660  5719.040527 3111.365723 3027.291016
  34           "ih" 4248  12770.242188 9148.391602 7469.276855
  35           "ix" 7370  12975.008789 12065.920898 9892.889648
  36           "iy" 4626  10750.441406 20478.115234 13905.645508
  37           "jh" 1013  3387.796143 3654.814697 3377.217041
  38           "ng" 1220  3239.682617 3222.997314 2940.575195
  39           "ow" 1653  6470.621582 8095.032715 4715.688477
  40           "oy"  304  1871.128540 1553.554443 1155.473511
  41           "sh" 1317  5366.624023 7314.122559 4843.250977
  42           "th"  745  2520.582275 2610.197266 1851.223755
  43           "uh"  500  1466.834839 1110.983276 785.598572
  44           "uw" 1952  5002.730957 7584.118164 4746.428223
  45           "zh"  149  571.930298 485.892700 522.229919
  46          "epi"  908  1794.358765 1331.458984 1309.206665
  47          "sil" 8283  52984.574219 51933.691406 37438.742188
  48          "vcl" 1672  2485.778564 3027.401367 3748.697021
