   1            "b" 2181  7785.448242 3999.715820 3099.602051
   2            "d" 2432  7265.013184 3671.136475 4492.426758
   3            "f" 2215  7012.841797 10462.986328 6069.339844
   4            "g" 1191  3911.809814 2413.611816 2775.737061
   5            "k" 3794  13150.828125 8990.028320 13827.073242
   6            "l" 4425  13845.642578 11714.420898 10753.500977
   7            "m" 3566  11179.523438 8679.387695 6531.458008
   8            "n" 6896  15345.785156 14583.269531 12264.607422
   9            "p" 2588  8490.901367 7064.176270 9272.797852
  10            "r" 4681  10244.403320 10434.689453 10256.247070
  11            "s" 6176  21156.052734 33298.589844 22020.914062
  12            "t" 3948  11933.511719 8078.484375 13255.642578
  13            "v" 1994  3833.520752 3911.322021 4365.157715
  14            "w" 2216  6189.519531 6810.381348 5835.112305
  15            "y"  995  2800.590088 2696.070312 2775.663330
  16            "z" 3682  13001.575195 13058.706055 11398.537109
  17           "aa" 2256  7689.908203 10938.880859 8605.166992
  18           "ae" 2292  9662.885742 11844.165039 7683.226074
  19           "ah" 2266  7325.106934 6039.793457 4749.482910
  20           "ao" 1865  7129.643555 9332.008789 6469.713867
  21           "aw"  728  3882.643555 4232.528809 3414.342773
  22           "ax" 3892  6549.713379 5457.312500 5238.584473
  23           "ay" 1934  7972.928711 10154.475586 9735.138672
  24           "ch"  820  3801.968018 3324.148193 3072.006592
  25           "cl" 2744  5144.054688 6437.700684 6194.748535
  26           "dh" 2376  5149.350586 3840.834473 3913.512695
  27           "dx" 1864  2510.911621 2378.765869 2801.028809
  28           "eh" 3277  8509.039062 10801.540039 8152.898438
  29           "el"  951  2870.070312 4292.703613 3061.134277
  30           "en"  630  1609.465942 2510.625977 1710.641724
  31           "er" 4138  11815.040039 15746.048828 12592.253906
  32           "ey" 2271  8847.561523 10797.033203 6945.977051
  33           "hh" 1660  5276.680176 3707.965088 3276.232422
  34           "ih" 4248  12032.948242 9684.518555 7331.566895
  35           "ix" 7370  13302.773438 11264.183594 9861.677734
  36           "iy" 4626  12026.096680 19424.189453 13849.074219
  37           "jh" 1013  3756.366699 3594.504639 3266.162109
  38           "ng" 1220  3430.975830 3341.782471 3207.395996
  39           "ow" 1653  6227.046875 7677.602051 5424.222656
  40           "oy"  304  2059.472412 1543.535645 1227.578247
  41           "sh" 1317  4892.729980 6968.636719 5451.461426
  42           "th"  745  2472.173096 2526.963379 2031.077148
  43           "uh"  500  1355.619141 1087.948975 848.797974
  44           "uw" 1952  5794.917969 6827.846191 4819.814453
  45           "zh"  149  622.369446 448.169464 504.483276
  46          "epi"  908  1724.658691 1391.545898 1301.514282
  47          "sil" 8283  48965.101562 40966.613281 49453.585938
  48          "vcl" 1672  3031.638916 2931.727539 3661.763428
