   1            "b" 2181  7173.998535 4592.833984 3595.128662
   2            "d" 2432  7067.636719 3545.466064 4628.533691
   3            "f" 2215  7093.500977 10424.529297 5669.685059
   4            "g" 1191  3513.105225 2400.406982 3163.764648
   5            "k" 3794  11717.401367 9413.544922 14800.958984
   6            "l" 4425  12092.155273 11577.029297 12534.245117
   7            "m" 3566  7400.647949 10156.968750 9405.527344
   8            "n" 6896  12174.016602 15457.470703 15316.376953
   9            "p" 2588  9077.024414 7141.204102 8531.313477
  10            "r" 4681  9889.993164 11193.041016 10894.751953
  11            "s" 6176  22001.458984 33973.441406 21396.750000
  12            "t" 3948  12126.166016 8051.157227 12551.164062
  13            "v" 1994  3767.270996 4271.269043 4528.138184
  14            "w" 2216  6465.973633 6405.285645 5856.680176
  15            "y"  995  2646.036133 2840.020020 2762.806641
  16            "z" 3682  13310.641602 14050.864258 10248.556641
  17           "aa" 2256  7007.543457 11238.436523 8464.353516
  18           "ae" 2292  9145.125977 12146.311523 7361.668945
  19           "ah" 2266  5924.088379 7029.413574 5209.496582
  20           "ao" 1865  6110.847168 9740.952148 6656.187500
  21           "aw"  728  3081.146240 4749.622070 3524.204834
  22           "ax" 3892  5953.799805 5526.582031 5619.076172
  23           "ay" 1934  8111.593750 10290.464844 9585.626953
  24           "ch"  820  2983.346191 3077.134033 4039.809814
  25           "cl" 2744  4882.237305 4619.570312 8445.493164
  26           "dh" 2376  4660.226562 3542.517578 4009.078369
  27           "dx" 1864  2675.219238 2248.394775 3154.172363
  28           "eh" 3277  8636.735352 10413.718750 7891.857422
  29           "el"  951  2832.054932 4334.779297 2898.851807
  30           "en"  630  1463.127686 2568.461914 1699.777222
  31           "er" 4138  12461.954102 15376.976562 12278.164062
  32           "ey" 2271  8379.986328 11049.058594 7176.886719
  33           "hh" 1660  4529.309082 3876.521240 3639.158936
  34           "ih" 4248  9223.563477 11014.555664 8769.794922
  35           "ix" 7370  11403.649414 11708.278320 11144.455078
  36           "iy" 4626  11640.806641 20276.962891 13182.334961
  37           "jh" 1013  3211.914062 3312.837891 4050.574951
  38           "ng" 1220  3121.525391 3282.225098 3591.565430
  39           "ow" 1653  5493.403320 8369.561523 5387.471680
  40           "oy"  304  984.405273 2235.875732 1691.412598
  41           "sh" 1317  5496.060059 7253.088867 4529.143066
  42           "th"  745  2310.327148 2334.730713 2347.713379
  43           "uh"  500  1058.251343 1219.203735 1019.741333
  44           "uw" 1952  5221.665527 7425.711426 5106.808105
  45           "zh"  149  506.765350 562.640198 540.849304
  46          "epi"  908  1599.356079 1326.220215 1382.534912
  47          "sil" 8283  47845.164062 43954.617188 47750.179688
  48          "vcl" 1672  2848.927246 2543.963623 4324.370605
