   1            "b" 2181  7722.617676 3997.767822 3097.805176
   2            "d" 2432  7246.502930 3570.831787 4613.899414
   3            "f" 2215  6961.986816 10523.081055 6097.585938
   4            "g" 1191  3770.836426 2377.161621 2750.090576
   5            "k" 3794  13186.434570 8805.892578 13936.436523
   6            "l" 4425  14141.205078 11559.278320 10240.895508
   7            "m" 3566  11132.838867 8691.738281 6295.870605
   8            "n" 6896  15335.997070 14564.515625 12327.613281
   9            "p" 2588  8342.672852 7005.418457 9329.421875
  10            "r" 4681  10103.984375 10653.801758 10246.249023
  11            "s" 6176  20702.958984 34213.558594 21715.753906
  12            "t" 3948  11937.858398 7790.655273 13604.719727
  13            "v" 1994  3704.448242 3959.246094 4435.145508
  14            "w" 2216  5953.364258 6789.045898 5686.097168
  15            "y"  995  2787.473877 2738.198730 2728.191162
  16            "z" 3682  12929.084961 13385.305664 11208.845703
  17           "aa" 2256  7537.781250 11314.278320 8419.882812
  18           "ae" 2292  9497.545898 12278.293945 7521.257324
  19           "ah" 2266  7340.732422 6217.817383 4679.232910
  20           "ao" 1865  7068.535645 9427.146484 6458.541504
  21           "aw"  728  3782.197021 4287.662109 3446.887695
  22           "ax" 3892  6643.047852 5425.176270 5142.384277
  23           "ay" 1934  7673.426270 10575.882812 9693.972656
  24           "ch"  820  3847.326172 3393.350342 2988.293945
  25           "cl" 2744  5079.670898 6511.520508 6171.612793
  26           "dh" 2376  5127.420410 3950.958984 3777.186523
  27           "dx" 1864  2481.105225 2344.842041 2751.275391
  28           "eh" 3277  8483.295898 10803.819336 8158.328125
  29           "el"  951  2747.402832 4319.688477 3037.524902
  30           "en"  630  1604.170410 2535.530518 1671.033203
  31           "er" 4138  11641.691406 15862.401367 12723.589844
  32           "ey" 2271  8842.468750 10833.512695 6942.999023
  33           "hh" 1660  5452.519531 3477.061035 3286.622803
  34           "ih" 4248  12421.778320 9640.560547 7292.114258
  35           "ix" 7370  13160.734375 11526.791016 9968.313477
  36           "iy" 4626  11712.530273 19798.458984 13823.758789
  37           "jh" 1013  3688.161865 3500.288574 3276.473145
  38           "ng" 1220  3378.081299 3316.334229 3207.076660
  39           "ow" 1653  6314.645020 7770.008789 5332.949219
  40           "oy"  304  2063.862793 1541.486328 1205.794434
  41           "sh" 1317  4936.060547 7142.344727 5283.387207
  42           "th"  745  2412.884766 2608.880615 1977.258545
  43           "uh"  500  1356.991455 1092.419312 829.831970
  44           "uw" 1952  5718.588379 6880.213867 4846.378906
  45           "zh"  149  609.564087 458.164917 503.064941
  46          "epi"  908  1745.204102 1372.888916 1286.946655
  47          "sil" 8283  50396.261719 42753.917969 46975.292969
  48          "vcl" 1672  2951.119385 2903.136475 3660.866455
