   1            "b" 2181  7155.012207 4559.512695 3409.597412
   2            "d" 2432  6986.017090 3405.060303 4592.938965
   3            "f" 2215  7027.270508 10544.599609 5647.599121
   4            "g" 1191  3536.270996 2230.287842 3001.120117
   5            "k" 3794  11390.785156 9269.098633 15146.026367
   6            "l" 4425  11575.275391 12090.962891 12064.420898
   7            "m" 3566  7423.285645 9994.649414 9313.774414
   8            "n" 6896  11648.905273 16316.587891 14813.844727
   9            "p" 2588  8923.216797 7061.761230 8498.415039
  10            "r" 4681  9869.306641 11169.887695 10911.944336
  11            "s" 6176  21751.988281 35486.468750 20452.484375
  12            "t" 3948  11934.996094 8032.530762 12416.908203
  13            "v" 1994  3560.950439 4070.244385 4692.240234
  14            "w" 2216  6254.723633 6628.638184 5546.734375
  15            "y"  995  2543.128418 2716.620850 2742.258789
  16            "z" 3682  13418.839844 13817.707031 10394.799805
  17           "aa" 2256  6780.251465 11761.116211 8263.047852
  18           "ae" 2292  8972.029297 12459.125977 7316.296875
  19           "ah" 2266  5796.156250 7313.662598 5278.764648
  20           "ao" 1865  6173.293457 9909.666992 6650.358887
  21           "aw"  728  3035.920654 4783.229492 3588.340820
  22           "ax" 3892  5837.531738 5554.051758 5893.179199
  23           "ay" 1934  7550.506348 10837.125000 9697.703125
  24           "ch"  820  2961.802490 2929.067871 4066.282959
  25           "cl" 2744  4841.043457 4426.324707 8491.290039
  26           "dh" 2376  4640.730469 3589.201660 3994.024170
  27           "dx" 1864  2716.104248 2306.893799 3144.531738
  28           "eh" 3277  8575.254883 10341.482422 8183.049805
  29           "el"  951  2785.515625 4383.689941 2916.640869
  30           "en"  630  1468.988281 2612.842773 1672.619507
  31           "er" 4138  12166.036133 16000.945312 12204.412109
  32           "ey" 2271  8434.771484 10932.510742 7364.157715
  33           "hh" 1660  4704.573242 3720.987061 3540.727539
  34           "ih" 4248  9005.455078 11503.633789 8684.183594
  35           "ix" 7370  11120.036133 12011.570312 11283.682617
  36           "iy" 4626  11274.368164 20973.453125 12929.360352
  37           "jh" 1013  3062.505859 3205.824707 4091.072021
  38           "ng" 1220  3112.322510 3362.611816 3482.150635
  39           "ow" 1653  5337.237305 8916.066406 5163.080078
  40           "oy"  304  949.837769 2317.302734 1669.040771
  41           "sh" 1317  5454.752930 7425.785156 4408.811523
  42           "th"  745  2295.174316 2443.371338 2266.998779
  43           "uh"  500  1039.950684 1243.510010 1024.472046
  44           "uw" 1952  5263.742676 7642.369141 4900.049805
  45           "zh"  149  495.193726 565.118774 543.675049
  46          "epi"  908  1595.202881 1324.580200 1365.508301
  47          "sil" 8283  49430.218750 46161.562500 45132.187500
  48          "vcl" 1672  2903.569336 2543.555176 4290.587891
