   1            "b" 2181  7950.854980 4307.696777 4481.291992
   2            "d" 2432  7635.950195 4185.799316 4692.456543
   3            "f" 2215  7373.748047 10036.516602 5997.440430
   4            "g" 1191  4205.720215 2357.391113 3155.912354
   5            "k" 3794  14931.290039 10122.529297 13031.489258
   6            "l" 4425  12101.664062 10617.687500 11467.353516
   7            "m" 3566  9059.914062 10335.148438 8667.911133
   8            "n" 6896  14247.078125 13580.863281 16746.132812
   9            "p" 2588  12266.997070 6893.465820 7175.775391
  10            "r" 4681  9861.279297 9545.563477 10522.767578
  11            "s" 6176  27371.501953 30901.314453 16236.165039
  12            "t" 3948  13355.530273 9627.653320 11688.518555
  13            "v" 1994  3784.095459 4357.852539 4843.523438
  14            "w" 2216  6517.716309 6401.877930 5776.688477
  15            "y"  995  2692.523682 2453.699707 2939.065918
  16            "z" 3682  13452.582031 14678.633789 9442.095703
  17           "aa" 2256  6778.320312 11370.575195 7812.605957
  18           "ae" 2292  7482.307129 12608.049805 7856.639160
  19           "ah" 2266  5515.878906 6742.767578 4403.826172
  20           "ao" 1865  5936.322754 10195.575195 6514.540527
  21           "aw"  728  2973.262939 4891.214355 3442.188721
  22           "ax" 3892  6091.818359 5093.974121 5439.207031
  23           "ay" 1934  7375.965332 11417.613281 8565.087891
  24           "ch"  820  3058.486816 3749.725586 3538.359375
  25           "cl" 2744  5070.695312 4906.791992 8925.346680
  26           "dh" 2376  5123.377441 3800.333252 4177.262207
  27           "dx" 1864  2639.477051 2811.909912 3095.150879
  28           "eh" 3277  8226.969727 10151.193359 7090.312012
  29           "el"  951  2968.400879 3707.963623 2766.449707
  30           "en"  630  1535.533203 2392.045166 1745.992920
  31           "er" 4138  11877.401367 15204.733398 10916.221680
  32           "ey" 2271  8024.221191 11024.977539 6887.307617
  33           "hh" 1660  4673.326660 4870.561523 3863.590088
  34           "ih" 4248  9082.041016 10489.189453 7842.348145
  35           "ix" 7370  11418.410156 10823.858398 10344.406250
  36           "iy" 4626  12105.100586 18876.763672 12697.609375
  37           "jh" 1013  3401.192627 3411.832520 3814.800781
  38           "ng" 1220  3192.174316 3769.594238 3421.364990
  39           "ow" 1653  5626.211426 8074.024902 5536.197266
  40           "oy"  304  1088.983154 1937.741455 1878.719482
  41           "sh" 1317  5340.481934 7793.031250 4195.068359
  42           "th"  745  2398.411621 2515.737061 2110.852295
  43           "uh"  500  995.151306 1331.339966 842.454773
  44           "uw" 1952  5166.793457 6771.175781 5254.190430
  45           "zh"  149  591.750366 555.078857 536.542603
  46          "epi"  908  1482.667725 1332.411499 1456.420654
  47          "sil" 8283  48931.199219 44888.738281 49818.171875
  48          "vcl" 1672  2892.747070 3018.773682 4362.297852
