   1            "b" 2181  7960.024902 4164.514648 4330.688477
   2            "d" 2432  7367.907227 4247.542480 4667.185059
   3            "f" 2215  7366.299316 9999.327148 5934.122070
   4            "g" 1191  4211.784180 2215.104980 3107.856445
   5            "k" 3794  14927.955078 9740.219727 13255.025391
   6            "l" 4425  12055.046875 10349.503906 11467.672852
   7            "m" 3566  9202.209961 9932.542969 8675.064453
   8            "n" 6896  14341.812500 13988.086914 16368.216797
   9            "p" 2588  12424.173828 6543.808105 7127.692383
  10            "r" 4681  9692.632812 9621.312500 10629.898438
  11            "s" 6176  27410.724609 30775.361328 15833.766602
  12            "t" 3948  13314.140625 9384.940430 11937.748047
  13            "v" 1994  3600.040283 4338.620605 4812.740723
  14            "w" 2216  6368.274414 6354.668945 5842.408691
  15            "y"  995  2573.858887 2404.924805 2889.817383
  16            "z" 3682  13178.671875 14353.494141 9448.807617
  17           "aa" 2256  6761.360840 11568.667969 7666.038086
  18           "ae" 2292  7509.628418 13084.066406 7567.917480
  19           "ah" 2266  5528.865723 7063.769531 4441.506348
  20           "ao" 1865  5892.518555 10583.986328 6273.951172
  21           "aw"  728  2879.308105 5062.297363 3430.693604
  22           "ax" 3892  5976.713867 5223.385254 5615.028320
  23           "ay" 1934  7283.522949 11720.139648 8617.294922
  24           "ch"  820  3004.837646 3806.075928 3541.023193
  25           "cl" 2744  4876.177246 4860.554199 9041.806641
  26           "dh" 2376  5105.928711 3652.265137 4178.270508
  27           "dx" 1864  2508.293213 2791.949463 3136.486084
  28           "eh" 3277  8491.136719 10201.291992 7086.624512
  29           "el"  951  2907.294189 3739.318604 2764.072510
  30           "en"  630  1512.499756 2431.365234 1688.293457
  31           "er" 4138  11803.337891 15688.217773 10832.936523
  32           "ey" 2271  8034.194824 11514.695312 6572.466309
  33           "hh" 1660  4417.518066 4932.009766 3873.477051
  34           "ih" 4248  9032.453125 10810.058594 7945.930176
  35           "ix" 7370  11444.482422 10946.597656 10579.602539
  36           "iy" 4626  12044.040039 19063.365234 12702.220703
  37           "jh" 1013  3275.737793 3343.534912 3777.572510
  38           "ng" 1220  3151.254150 3768.517090 3343.109375
  39           "ow" 1653  5432.720215 8605.590820 5462.025879
  40           "oy"  304  1097.532959 1985.343262 1909.512573
  41           "sh" 1317  5115.208008 7928.421875 4185.716797
  42           "th"  745  2334.312256 2511.126953 2056.025146
  43           "uh"  500  965.524719 1347.544067 857.697388
  44           "uw" 1952  5055.722656 6957.900391 5261.106445
  45           "zh"  149  576.334106 560.549683 525.723511
  46          "epi"  908  1452.604736 1302.579346 1440.991089
  47          "sil" 8283  49971.898438 47988.523438 46936.375000
  48          "vcl" 1672  2881.780029 2977.815918 4426.707031
