   1            "b" 2181  7734.012695 3963.400391 3061.499756
   2            "d" 2432  7199.795898 3577.955811 4617.429199
   3            "f" 2215  6889.266113 10513.427734 6031.419922
   4            "g" 1191  3719.884521 2347.896484 2730.322510
   5            "k" 3794  13398.366211 8488.571289 14017.808594
   6            "l" 4425  14095.674805 11609.620117 9847.565430
   7            "m" 3566  11156.486328 8651.241211 6275.075684
   8            "n" 6896  15712.075195 14108.070312 12174.594727
   9            "p" 2588  8495.264648 6965.139160 9350.387695
  10            "r" 4681  10081.931641 10485.061523 10237.971680
  11            "s" 6176  20418.488281 34719.992188 21534.546875
  12            "t" 3948  11910.170898 7459.439453 13859.531250
  13            "v" 1994  3616.471436 3995.935791 4511.081055
  14            "w" 2216  5703.685059 6760.996094 5647.487793
  15            "y"  995  2803.479248 2742.943115 2678.290527
  16            "z" 3682  12812.235352 13802.001953 11024.420898
  17           "aa" 2256  7404.025391 11562.948242 8324.625000
  18           "ae" 2292  9438.195312 12371.647461 7544.678711
  19           "ah" 2266  7330.215820 6388.719238 4599.349609
  20           "ao" 1865  6946.577148 9655.416016 6384.223145
  21           "aw"  728  3705.354248 4378.436035 3374.270752
  22           "ax" 3892  6775.478516 5604.429688 4960.452637
  23           "ay" 1934  7445.345703 10865.419922 9743.865234
  24           "ch"  820  3853.508545 3449.619385 2907.381348
  25           "cl" 2744  5111.544922 6363.341309 6193.537598
  26           "dh" 2376  5093.217773 3997.669678 3689.340576
  27           "dx" 1864  2462.345215 2334.987305 2743.947510
  28           "eh" 3277  8339.340820 10684.614258 8560.458008
  29           "el"  951  2594.612793 4453.602539 3013.322510
  30           "en"  630  1587.419312 2520.182373 1660.392578
  31           "er" 4138  11401.780273 16287.916016 12504.061523
  32           "ey" 2271  8778.481445 10945.818359 6946.957520
  33           "hh" 1660  5470.864746 3350.391846 3250.498047
  34           "ih" 4248  12693.391602 9661.421875 7161.420410
  35           "ix" 7370  13161.940430 11830.600586 9811.074219
  36           "iy" 4626  11575.545898 20045.642578 13559.393555
  37           "jh" 1013  3627.632324 3569.331543 3301.330566
  38           "ng" 1220  3318.460938 3271.252930 3096.835449
  39           "ow" 1653  6241.175781 7877.625977 5252.134277
  40           "oy"  304  2049.848877 1527.987427 1198.129761
  41           "sh" 1317  5114.003906 7251.708984 5045.074707
  42           "th"  745  2456.579590 2604.381836 1944.549316
  43           "uh"  500  1383.717773 1095.917114 816.748230
  44           "uw" 1952  5617.047852 7054.300781 4832.034180
  45           "zh"  149  584.817627 466.963318 514.527588
  46          "epi"  908  1772.267944 1373.512695 1280.788330
  47          "sil" 8283  50539.214844 46418.812500 44440.324219
  48          "vcl" 1672  2833.566406 2881.576904 3774.331055
