   1            "b" 2181  7141.441895 4619.093262 3670.059814
   2            "d" 2432  7086.303711 3751.669922 4592.682129
   3            "f" 2215  6924.495605 10185.896484 6133.470703
   4            "g" 1191  3516.461670 2477.751221 3159.973389
   5            "k" 3794  11907.909180 9462.561523 14822.440430
   6            "l" 4425  12467.453125 11164.172852 12615.636719
   7            "m" 3566  7578.999023 10224.735352 9227.606445
   8            "n" 6896  12629.485352 15159.632812 15360.908203
   9            "p" 2588  9274.330078 7180.483887 8578.449219
  10            "r" 4681  9879.939453 11198.888672 10957.740234
  11            "s" 6176  22462.056641 32693.349609 21771.486328
  12            "t" 3948  12105.365234 8080.721191 12506.764648
  13            "v" 1994  3988.432861 4384.149902 4318.995605
  14            "w" 2216  6463.399414 6470.286621 5966.864746
  15            "y"  995  2694.466797 2860.515137 2769.090088
  16            "z" 3682  13223.424805 13817.033203 10334.618164
  17           "aa" 2256  7269.470703 10881.173828 8692.787109
  18           "ae" 2292  9116.171875 11789.552734 7662.976074
  19           "ah" 2266  5983.817383 6961.626953 5115.914551
  20           "ao" 1865  6181.449219 9466.733398 6783.021973
  21           "aw"  728  3251.480469 4645.687988 3507.141113
  22           "ax" 3892  6014.978516 5443.035645 5502.303711
  23           "ay" 1934  8436.006836 9983.970703 9474.960938
  24           "ch"  820  3009.421631 3081.516846 4040.477051
  25           "cl" 2744  4872.631348 4712.302734 8453.164062
  26           "dh" 2376  4654.495117 3482.352539 4031.674072
  27           "dx" 1864  2673.336426 2201.286377 3171.895020
  28           "eh" 3277  8703.261719 10041.169922 7992.815430
  29           "el"  951  2862.449951 4336.155273 2851.877441
  30           "en"  630  1463.195557 2529.823730 1715.621826
  31           "er" 4138  12557.438477 14888.242188 12445.859375
  32           "ey" 2271  8237.460938 10869.015625 7421.875977
  33           "hh" 1660  4572.119629 3993.811279 3674.975830
  34           "ih" 4248  9319.905273 10953.119141 8706.834961
  35           "ix" 7370  11293.950195 11919.778320 10930.415039
  36           "iy" 4626  12154.460938 19616.281250 13348.402344
  37           "jh" 1013  3289.150879 3290.729492 4001.307373
  38           "ng" 1220  3275.835938 3299.629639 3526.156494
  39           "ow" 1653  5666.168457 7982.613770 5528.013184
  40           "oy"  304  1068.683594 2149.099121 1701.583496
  41           "sh" 1317  5516.601562 7218.049316 4521.706055
  42           "th"  745  2315.180420 2354.276367 2302.411621
  43           "uh"  500  1057.132324 1227.719116 1007.690613
  44           "uw" 1952  5370.626953 7165.014648 5191.967773
  45           "zh"  149  539.135864 559.217529 540.535645
  46          "epi"  908  1616.330078 1325.782837 1384.986084
  47          "sil" 8283  48480.628906 40875.812500 49918.175781
  48          "vcl" 1672  2807.979248 2505.784180 4429.665527
