   1            "b" 2181  7318.839844 4069.161865 3141.189941
   2            "d" 2432  6924.614258 3611.583984 4857.857422
   3            "f" 2215  6526.161133 10726.335938 6579.515137
   4            "g" 1191  3578.453857 2290.279053 2412.347168
   5            "k" 3794  12598.465820 7684.435059 15054.473633
   6            "l" 4425  13784.221680 11229.745117 9130.812500
   7            "m" 3566  11635.886719 8112.744629 6054.590820
   8            "n" 6896  16418.062500 12828.915039 11387.510742
   9            "p" 2588  8571.948242 6958.121582 9672.555664
  10            "r" 4681  9574.044922 10960.630859 10234.763672
  11            "s" 6176  19341.923828 37812.058594 20801.496094
  12            "t" 3948  11539.316406 7277.755371 14832.800781
  13            "v" 1994  3400.533447 4011.422852 4332.856934
  14            "w" 2216  5921.058594 6317.812988 5269.820312
  15            "y"  995  2473.582520 2494.771973 2740.884277
  16            "z" 3682  11861.242188 14374.900391 11755.006836
  17           "aa" 2256  7288.044922 13571.488281 7272.510254
  18           "ae" 2292  8542.555664 14079.848633 7833.870117
  19           "ah" 2266  7706.299805 6170.685547 4816.148926
  20           "ao" 1865  6544.127441 10678.199219 5609.413574
  21           "aw"  728  3340.966064 5094.404785 3111.977051
  22           "ax" 3892  6533.880371 6465.076660 4799.664551
  23           "ay" 1934  6790.667969 13144.696289 8952.678711
  24           "ch"  820  3582.573975 3665.649658 2833.850342
  25           "cl" 2744  4555.014160 6918.916504 5968.881348
  26           "dh" 2376  4987.384277 4142.722168 3118.781250
  27           "dx" 1864  2306.917480 2412.044189 2419.831787
  28           "eh" 3277  8278.883789 11529.864258 8741.491211
  29           "el"  951  2493.972656 4436.442383 2630.493164
  30           "en"  630  1528.437500 2370.339600 1550.885620
  31           "er" 4138  9838.706055 18272.744141 12164.307617
  32           "ey" 2271  7945.424805 11673.792969 7180.551758
  33           "hh" 1660  5889.607910 2768.205811 2879.878174
  34           "ih" 4248  12776.706055 9255.923828 7571.590820
  35           "ix" 7370  12498.425781 12849.328125 10007.195312
  36           "iy" 4626  10278.196289 20262.607422 13458.597656
  37           "jh" 1013  3107.522217 3867.740723 3377.487061
  38           "ng" 1220  3210.237061 3131.491455 2753.071045
  39           "ow" 1653  6388.059570 8482.328125 4591.283203
  40           "oy"  304  1968.191650 1484.888672 1146.160156
  41           "sh" 1317  5123.656738 7568.584961 4936.133789
  42           "th"  745  2512.616943 2758.456787 1747.297974
  43           "uh"  500  1500.650024 1106.855713 769.316406
  44           "uw" 1952  4658.563477 7891.865723 4449.889160
  45           "zh"  149  563.002014 488.773804 493.632263
  46          "epi"  908  1823.467651 1344.847778 1442.580322
  47          "sil" 8283  53077.332031 57772.886719 33266.363281
  48          "vcl" 1672  2440.014404 3198.854736 3498.580322
