   1            "b" 2181  7142.651855 4607.191406 3654.892822
   2            "d" 2432  7118.453613 3669.431152 4614.086426
   3            "f" 2215  7010.540039 10247.309570 5981.562012
   4            "g" 1191  3512.515137 2471.897461 3157.329590
   5            "k" 3794  11926.538086 9419.473633 14813.099609
   6            "l" 4425  12470.820312 11216.113281 12579.591797
   7            "m" 3566  7494.790039 10255.456055 9281.274414
   8            "n" 6896  12466.980469 15194.411133 15428.111328
   9            "p" 2588  9237.761719 7165.517578 8551.798828
  10            "r" 4681  9838.985352 11226.782227 10887.577148
  11            "s" 6176  22353.007812 33108.902344 21594.978516
  12            "t" 3948  12082.715820 8065.594727 12549.099609
  13            "v" 1994  3926.367920 4313.340820 4403.257324
  14            "w" 2216  6488.962891 6431.286621 5947.609863
  15            "y"  995  2686.460693 2863.884766 2781.817383
  16            "z" 3682  13244.307617 13870.695312 10374.313477
  17           "aa" 2256  7151.088379 11014.694336 8646.530273
  18           "ae" 2292  9142.384766 11890.644531 7580.861328
  19           "ah" 2266  5959.481445 6977.945801 5144.801270
  20           "ao" 1865  6152.826172 9506.030273 6753.887207
  21           "aw"  728  3187.541748 4703.205078 3494.681152
  22           "ax" 3892  5978.182617 5446.481445 5580.675781
  23           "ay" 1934  8308.893555 10092.765625 9513.482422
  24           "ch"  820  3017.272705 3091.995605 4042.776123
  25           "cl" 2744  4866.667480 4691.279785 8412.972656
  26           "dh" 2376  4631.068359 3487.953125 4027.546631
  27           "dx" 1864  2651.310303 2218.395020 3155.957520
  28           "eh" 3277  8726.188477 10107.288086 7969.573730
  29           "el"  951  2849.119385 4336.740234 2872.151367
  30           "en"  630  1474.967651 2527.700439 1718.218018
  31           "er" 4138  12475.509766 15031.642578 12396.595703
  32           "ey" 2271  8282.833008 10959.949219 7312.413086
  33           "hh" 1660  4537.265137 3958.872070 3652.175537
  34           "ih" 4248  9285.323242 10979.684570 8697.979492
  35           "ix" 7370  11292.279297 11892.043945 10961.834961
  36           "iy" 4626  11951.021484 19843.656250 13324.142578
  37           "jh" 1013  3276.487061 3298.603271 4006.616943
  38           "ng" 1220  3219.389893 3298.080811 3537.219482
  39           "ow" 1653  5599.943359 8069.227539 5524.999023
  40           "oy"  304  1031.230957 2192.274170 1688.618408
  41           "sh" 1317  5525.294922 7199.378418 4542.459473
  42           "th"  745  2310.378174 2355.752686 2324.608398
  43           "uh"  500  1050.293213 1224.193604 1010.781616
  44           "uw" 1952  5304.066895 7233.295410 5176.405762
  45           "zh"  149  527.133118 563.763428 541.054688
  46          "epi"  908  1604.731689 1328.909302 1381.967041
  47          "sil" 8283  48198.726562 41447.113281 49803.093750
  48          "vcl" 1672  2834.722412 2508.007080 4414.235352
