   1            "b" 2181  9423.902344 3114.557617 4415.538086
   2            "d" 2432  9096.501953 3720.895508 4024.996826
   3            "f" 2215  9167.923828 7965.963379 4863.682617
   4            "g" 1191  4998.682129 1912.515381 2002.955811
   5            "k" 3794  18992.423828 6616.444824 10179.342773
   6            "l" 4425  8277.126953 26213.375000 8056.005371
   7            "m" 3566  6648.555664 13897.845703 5601.938965
   8            "n" 6896  17461.943359 14556.761719 18136.375000
   9            "p" 2588  15396.291992 4314.410156 6348.764160
  10            "r" 4681  8718.314453 7267.285156 16111.025391
  11            "s" 6176  44723.476562 18090.783203 11972.084961
  12            "t" 3948  17018.388672 8973.873047 9836.626953
  13            "v" 1994  3147.787109 2617.822754 6477.431152
  14            "w" 2216  6619.198242 4434.838379 6315.112305
  15            "y"  995  2053.453857 2197.946777 6135.690918
  16            "z" 3682  18359.873047 11548.717773 7070.415039
  17           "aa" 2256  4001.982910 8596.564453 8898.744141
  18           "ae" 2292  4356.217285 17469.179688 4822.374512
  19           "ah" 2266  3599.579590 7702.376953 3627.161377
  20           "ao" 1865  4692.607910 18027.210938 3779.597656
  21           "aw"  728  1869.120728 6920.955566 3053.469971
  22           "ax" 3892  5621.891602 4806.822266 5918.834473
  23           "ay" 1934  4658.935059 19290.496094 5715.916992
  24           "ch"  820  3523.548340 3415.517578 3584.787354
  25           "cl" 2744  5502.178223 5045.852539 10490.520508
  26           "dh" 2376  4607.075195 3184.651367 4649.041992
  27           "dx" 1864  5590.317383 2456.307861 3402.662109
  28           "eh" 3277  5191.856445 11712.844727 5173.954590
  29           "el"  951  2219.706299 4536.164551 2377.905518
  30           "en"  630  1257.169189 2525.661133 1729.278076
  31           "er" 4138  9202.987305 19194.810547 8104.650391
  32           "ey" 2271  4629.555664 15895.212891 5763.022461
  33           "hh" 1660  4541.106934 4116.502441 5771.044922
  34           "ih" 4248  5885.956055 9264.339844 9040.712891
  35           "ix" 7370  9835.171875 9425.230469 10229.657227
  36           "iy" 4626  8689.593750 24258.302734 9268.816406
  37           "jh" 1013  3468.368652 2369.096191 4365.069336
  38           "ng" 1220  4195.063965 4289.652344 3121.084473
  39           "ow" 1653  3884.040283 13132.644531 3719.874756
  40           "oy"  304  941.582886 2491.648438 1834.662964
  41           "sh" 1317  3926.265137 8904.000977 3255.185303
  42           "th"  745  2512.245361 2370.690674 1824.642090
  43           "uh"  500  636.560364 1089.455444 696.947571
  44           "uw" 1952  3164.815430 4210.382812 6151.591797
  45           "zh"  149  414.271515 678.513733 512.748230
  46          "epi"  908  1071.651367 945.630676 2160.150391
  47          "sil" 8283  64495.082031 52171.753906 27050.337891
  48          "vcl" 1672  2901.357178 2469.606201 5575.878418
