   1            "b" 2181  8547.034180 2739.061768 4697.499023
   2            "d" 2432  7954.461426 3510.803711 4509.221680
   3            "f" 2215  6623.773926 10755.692383 5190.632324
   4            "g" 1191  4497.642578 1884.500122 2088.424805
   5            "k" 3794  16181.230469 8054.561523 12533.985352
   6            "l" 4425  8120.686523 13810.833008 11284.488281
   7            "m" 3566  6261.785156 12272.617188 6599.246582
   8            "n" 6896  12388.883789 17724.187500 14487.545898
   9            "p" 2588  12916.647461 4931.825195 6814.007812
  10            "r" 4681  9097.482422 8171.721680 11768.798828
  11            "s" 6176  32724.119141 27144.916016 13275.925781
  12            "t" 3948  14004.022461 9432.006836 11072.169922
  13            "v" 1994  2723.683838 3574.912109 6185.616699
  14            "w" 2216  5800.356445 5063.197754 5415.369141
  15            "y"  995  2106.867920 2348.723877 3217.485596
  16            "z" 3682  10764.070312 16680.539062 8211.910156
  17           "aa" 2256  5783.103516 16114.721680 6031.097168
  18           "ae" 2292  6220.994629 16871.279297 6211.186035
  19           "ah" 2266  4694.274902 9272.385742 4198.680664
  20           "ao" 1865  5396.412598 14037.081055 4690.247559
  21           "aw"  728  2339.481445 5952.209473 2832.964844
  22           "ax" 3892  5094.866211 6364.846191 5954.716309
  23           "ay" 1934  5648.000977 16365.993164 7177.087402
  24           "ch"  820  2929.570312 3890.599365 3164.725830
  25           "cl" 2744  4142.908203 5297.679688 9518.889648
  26           "dh" 2376  4843.401855 3374.378418 3934.815674
  27           "dx" 1864  2311.878906 2283.306641 3852.965576
  28           "eh" 3277  7263.895508 13961.725586 6058.021973
  29           "el"  951  2177.099365 4694.317871 2548.908936
  30           "en"  630  1404.092285 2645.417236 1767.435303
  31           "er" 4138  8778.917969 23095.974609 8885.877930
  32           "ey" 2271  6266.314941 14637.442383 6107.202148
  33           "hh" 1660  4023.260498 4455.738770 3747.100830
  34           "ih" 4248  7554.289062 13034.217773 8370.218750
  35           "ix" 7370  9731.571289 12486.341797 11870.774414
  36           "iy" 4626  9945.708984 22758.693359 11071.706055
  37           "jh" 1013  3245.494629 2720.330078 3890.788818
  38           "ng" 1220  3293.151123 4465.682129 2826.120117
  39           "ow" 1653  4703.894043 11452.443359 4258.921875
  40           "oy"  304  1173.472778 2410.551514 1719.957153
  41           "sh" 1317  4207.451172 8730.325195 3524.405518
  42           "th"  745  2196.358887 2412.344971 1992.704468
  43           "uh"  500  804.280029 1526.405518 837.322998
  44           "uw" 1952  3648.659180 8473.336914 5526.565430
  45           "zh"  149  383.081818 591.403137 508.541534
  46          "epi"  908  1158.045410 1209.837891 1762.966797
  47          "sil" 8283  60689.746094 52858.308594 33061.699219
  48          "vcl" 1672  2276.962646 2893.994629 5082.715820
