   1            "b" 2181  6533.912109 6533.987793 6533.918457
   2            "d" 2432  7353.192383 7353.195801 7353.237305
   3            "f" 2215  6722.272949 6722.316406 6722.317383
   4            "g" 1191  3543.164062 3543.132812 3543.150635
   5            "k" 3794  11337.772461 11337.860352 11337.758789
   6            "l" 4425  13358.703125 13358.732422 13358.712891
   7            "m" 3566  10547.263672 10547.386719 10547.218750
   8            "n" 6896  20450.083984 20450.144531 20449.791016
   9            "p" 2588  7683.267090 7683.419922 7683.307617
  10            "r" 4681  13920.372070 13920.422852 13920.257812
  11            "s" 6176  18576.287109 18576.191406 18576.595703
  12            "t" 3948  11861.477539 11861.472656 11861.512695
  13            "v" 1994  5927.063477 5927.071777 5927.038574
  14            "w" 2216  6641.243164 6641.339844 6641.271973
  15            "y"  995  2974.537109 2974.522461 2974.519043
  16            "z" 3682  11100.315430 11100.352539 11100.358398
  17           "aa" 2256  6775.600098 6775.525391 6775.534180
  18           "ae" 2292  6946.992676 6947.000488 6947.114746
  19           "ah" 2266  6790.980957 6791.082520 6790.925293
  20           "ao" 1865  5742.546875 5742.594727 5742.562500
  21           "aw"  728  2294.493896 2294.503418 2294.485107
  22           "ax" 3892  11465.520508 11465.555664 11465.414062
  23           "ay" 1934  5929.341309 5929.328613 5929.325684
  24           "ch"  820  2541.459229 2541.439697 2541.453613
  25           "cl" 2744  8100.021484 8100.096191 8100.124512
  26           "dh" 2376  7158.822754 7158.755859 7158.755371
  27           "dx" 1864  5442.033203 5442.019531 5442.040039
  28           "eh" 3277  9805.078125 9805.129883 9804.958984
  29           "el"  951  2831.373779 2831.381348 2831.385742
  30           "en"  630  1833.086304 1833.076660 1833.079712
  31           "er" 4138  12492.141602 12492.370117 12492.305664
  32           "ey" 2271  6877.068359 6877.086426 6877.061035
  33           "hh" 1660  5050.974609 5051.025879 5051.013184
  34           "ih" 4248  12801.361328 12801.316406 12801.460938
  35           "ix" 7370  21474.289062 21474.068359 21474.226562
  36           "iy" 4626  13974.375000 13974.423828 13974.449219
  37           "jh" 1013  3076.745850 3076.737549 3076.732910
  38           "ng" 1220  3611.425781 3611.424561 3611.421143
  39           "ow" 1653  5051.820312 5051.781738 5051.825195
  40           "oy"  304  958.618591 958.617310 958.620178
  41           "sh" 1317  3969.031738 3968.985107 3969.009521
  42           "th"  745  2256.674316 2256.710449 2256.700928
  43           "uh"  500  1534.316895 1534.322998 1534.315186
  44           "uw" 1952  5935.995605 5935.980957 5935.935547
  45           "zh"  149  440.548340 440.546631 440.547241
  46          "epi"  908  2699.217285 2699.201904 2699.219971
  47          "sil" 8283  25467.269531 25466.867188 25467.224609
  48          "vcl" 1672  4975.332031 4975.332520 4975.332031
