   1            "b" 2181  7763.217773 4053.398682 3079.335449
   2            "d" 2432  7415.883301 3728.566650 4534.661621
   3            "f" 2215  7042.133301 10386.171875 6099.154785
   4            "g" 1191  3871.241699 2430.989502 2855.592285
   5            "k" 3794  13143.288086 9187.519531 13586.644531
   6            "l" 4425  13838.330078 11482.324219 11119.147461
   7            "m" 3566  10918.796875 8911.623047 6664.052734
   8            "n" 6896  15527.650391 14259.682617 12408.235352
   9            "p" 2588  8595.598633 7198.947754 9226.271484
  10            "r" 4681  10308.424805 10403.139648 10271.711914
  11            "s" 6176  21301.830078 32339.037109 22491.886719
  12            "t" 3948  11996.380859 8332.227539 12875.000977
  13            "v" 1994  4084.997070 3853.566406 4276.965332
  14            "w" 2216  6339.914551 6698.383301 5931.065918
  15            "y"  995  2752.541504 2662.540283 2779.375244
  16            "z" 3682  12902.538086 12534.563477 11627.661133
  17           "aa" 2256  7639.781738 10990.795898 8549.015625
  18           "ae" 2292  9737.661133 11703.618164 7643.773438
  19           "ah" 2266  7340.310059 5925.447754 4780.066406
  20           "ao" 1865  7198.156738 9108.954102 6590.201172
  21           "aw"  728  3905.603271 4263.172852 3341.093506
  22           "ax" 3892  6598.537109 5455.292480 5172.512695
  23           "ay" 1934  8183.853516 10064.281250 9611.719727
  24           "ch"  820  3736.069092 3321.498047 3113.259033
  25           "cl" 2744  5085.498535 6368.621582 6209.916992
  26           "dh" 2376  5180.264648 3814.973145 3979.768555
  27           "dx" 1864  2560.896729 2401.683350 2851.568359
  28           "eh" 3277  8684.658203 10567.069336 7993.244141
  29           "el"  951  2891.782471 4280.371582 3119.581543
  30           "en"  630  1640.851929 2466.214111 1730.969971
  31           "er" 4138  11824.719727 15776.662109 12514.458008
  32           "ey" 2271  8874.660156 10632.559570 7070.238770
  33           "hh" 1660  5358.698730 3708.995361 3277.903809
  34           "ih" 4248  11647.963867 9771.086914 7533.108398
  35           "ix" 7370  13291.248047 11211.464844 9946.334961
  36           "iy" 4626  12430.786133 19143.283203 13901.940430
  37           "jh" 1013  3670.277832 3687.172607 3251.757568
  38           "ng" 1220  3547.556885 3319.924561 3253.838867
  39           "ow" 1653  6219.764648 7657.351562 5515.676270
  40           "oy"  304  2067.490479 1561.639282 1227.734985
  41           "sh" 1317  4930.500488 6817.643555 5560.397461
  42           "th"  745  2480.293213 2484.131836 2059.709229
  43           "uh"  500  1321.576782 1093.604980 844.560486
  44           "uw" 1952  5872.024902 6807.806641 4950.598633
  45           "zh"  149  629.741150 448.545135 503.092926
  46          "epi"  908  1748.595215 1430.241577 1305.546509
  47          "sil" 8283  49529.750000 39982.011719 49543.734375
  48          "vcl" 1672  3060.021484 2969.912598 3656.852783
