   1            "b" 2181  7558.812500 4063.624023 3062.942139
   2            "d" 2432  7224.268555 3589.352539 4662.118164
   3            "f" 2215  6861.034180 10677.760742 6175.192383
   4            "g" 1191  3635.078613 2257.973877 2677.883057
   5            "k" 3794  13062.781250 8233.280273 14431.821289
   6            "l" 4425  14355.938477 11297.941406 9527.264648
   7            "m" 3566  10956.810547 8845.833984 6069.451172
   8            "n" 6896  16101.052734 13233.892578 12197.875000
   9            "p" 2588  8665.991211 6742.098145 9506.302734
  10            "r" 4681  9979.380859 10667.265625 10460.961914
  11            "s" 6176  19786.101562 36601.695312 20735.316406
  12            "t" 3948  12083.588867 6951.656738 14580.055664
  13            "v" 1994  3544.026855 4110.415527 4445.063477
  14            "w" 2216  5750.450684 6811.041992 5367.058105
  15            "y"  995  2636.323486 2717.092285 2680.870117
  16            "z" 3682  12511.881836 14043.521484 11580.194336
  17           "aa" 2256  7354.357910 12230.391602 7807.146484
  18           "ae" 2292  9158.658203 13027.942383 7512.784668
  19           "ah" 2266  7334.626953 6479.440918 4561.773438
  20           "ao" 1865  6853.204590 9897.423828 6113.078125
  21           "aw"  728  3617.097168 4571.549316 3301.476318
  22           "ax" 3892  6464.437012 6055.920898 4868.220215
  23           "ay" 1934  7384.180664 11380.403320 9524.524414
  24           "ch"  820  3771.497314 3462.279541 2809.115967
  25           "cl" 2744  4951.344727 6331.665039 6170.102539
  26           "dh" 2376  4974.854004 3969.993652 3542.324707
  27           "dx" 1864  2369.034424 2309.359619 2685.623779
  28           "eh" 3277  8395.674805 10870.573242 8558.900391
  29           "el"  951  2492.606445 4456.984375 2942.715820
  30           "en"  630  1526.823975 2486.939941 1648.631470
  31           "er" 4138  10880.529297 16934.587891 12491.939453
  32           "ey" 2271  8590.608398 11201.330078 6834.181152
  33           "hh" 1660  5675.444824 3161.727295 3097.000244
  34           "ih" 4248  12769.737305 9240.441406 7382.474121
  35           "ix" 7370  13057.505859 12007.634766 9835.935547
  36           "iy" 4626  10906.266602 20498.962891 13812.791992
  37           "jh" 1013  3449.349121 3619.887695 3356.854736
  38           "ng" 1220  3233.468750 3251.085938 2962.584473
  39           "ow" 1653  6427.057617 8108.093262 4762.653809
  40           "oy"  304  1886.240479 1540.503296 1167.910645
  41           "sh" 1317  5375.882324 7243.874023 4860.128418
  42           "th"  745  2517.354736 2597.088379 1871.278809
  43           "uh"  500  1452.546875 1113.170898 784.816284
  44           "uw" 1952  5132.055176 7487.126465 4706.500488
  45           "zh"  149  570.724304 487.281738 524.257935
  46          "epi"  908  1777.204346 1336.154175 1303.753540
  47          "sil" 8283  52983.964844 50625.781250 38624.019531
  48          "vcl" 1672  2592.318848 2999.570557 3766.631348
