   1            "b" 2181  7981.460449 4586.198730 4431.634277
   2            "d" 2432  7725.666016 4248.895020 4690.476074
   3            "f" 2215  7306.514160 9909.438477 6334.487793
   4            "g" 1191  4105.937500 2560.380859 3287.142578
   5            "k" 3794  14835.677734 10694.143555 12800.706055
   6            "l" 4425  12313.796875 10819.362305 11163.594727
   7            "m" 3566  8928.672852 10461.718750 8750.142578
   8            "n" 6896  14035.235352 13426.611328 16340.373047
   9            "p" 2588  12348.285156 6771.735352 7340.726074
  10            "r" 4681  9667.814453 9701.628906 10565.817383
  11            "s" 6176  26499.785156 31563.394531 17273.689453
  12            "t" 3948  13662.700195 9995.289062 11386.419922
  13            "v" 1994  4097.075195 4469.295898 4825.539062
  14            "w" 2216  6542.732910 6385.158691 5858.544922
  15            "y"  995  2839.931641 2558.982666 2909.500244
  16            "z" 3682  13346.086914 14313.943359 9991.859375
  17           "aa" 2256  7161.301270 10832.209961 7951.717285
  18           "ae" 2292  7538.570801 12242.245117 7914.110352
  19           "ah" 2266  5628.860840 6399.328125 4371.338379
  20           "ao" 1865  6016.895996 10051.352539 6512.140137
  21           "aw"  728  3125.883545 4633.107422 3477.539795
  22           "ax" 3892  6072.460449 4968.886230 5247.350098
  23           "ay" 1934  7728.036621 10618.542969 8877.007812
  24           "ch"  820  3235.576904 3631.849365 3575.465088
  25           "cl" 2744  5152.887207 4866.553711 8933.630859
  26           "dh" 2376  5134.049316 3876.596436 4270.984863
  27           "dx" 1864  2762.092285 2870.016357 3109.444824
  28           "eh" 3277  8006.581055 10001.328125 7048.748535
  29           "el"  951  3048.311768 3796.811279 2673.107422
  30           "en"  630  1616.718506 2305.464844 1781.772217
  31           "er" 4138  11835.305664 14943.789062 10917.712891
  32           "ey" 2271  8327.695312 10691.847656 6987.073242
  33           "hh" 1660  4857.765625 4851.427246 3849.989014
  34           "ih" 4248  9095.128906 10242.396484 7854.772949
  35           "ix" 7370  11383.221680 10403.341797 10185.795898
  36           "iy" 4626  12534.375977 18398.136719 12580.279297
  37           "jh" 1013  3552.783936 3401.798340 4032.959229
  38           "ng" 1220  3326.574463 3741.052734 3366.544189
  39           "ow" 1653  5657.108398 7776.150879 5499.278320
  40           "oy"  304  1079.449585 1951.108032 1840.649170
  41           "sh" 1317  5487.518555 7571.330566 4420.497559
  42           "th"  745  2422.375244 2471.787109 2156.162598
  43           "uh"  500  1003.081238 1283.383301 831.278625
  44           "uw" 1952  5287.591797 6668.494629 5486.931152
  45           "zh"  149  621.260437 555.457947 537.900269
  46          "epi"  908  1569.476562 1335.207397 1466.044434
  47          "sil" 8283  46302.218750 45981.828125 50124.773438
  48          "vcl" 1672  2894.834229 3110.924316 4345.727539
