   1            "b" 2181  7964.347656 4604.509766 4421.566895
   2            "d" 2432  7715.333008 4253.754883 4702.540527
   3            "f" 2215  7298.460938 9898.919922 6366.317871
   4            "g" 1191  4085.792725 2573.035156 3315.719727
   5            "k" 3794  14814.608398 10698.574219 12784.081055
   6            "l" 4425  12352.196289 10830.589844 11146.111328
   7            "m" 3566  8957.380859 10485.773438 8727.111328
   8            "n" 6896  14070.467773 13439.830078 16274.857422
   9            "p" 2588  12373.826172 6742.883789 7338.351562
  10            "r" 4681  9660.225586 9690.609375 10569.759766
  11            "s" 6176  26439.216797 31671.908203 17306.818359
  12            "t" 3948  13664.575195 10006.435547 11346.954102
  13            "v" 1994  4106.643066 4503.154785 4806.512207
  14            "w" 2216  6529.385742 6417.154785 5863.261230
  15            "y"  995  2844.988281 2564.901367 2904.798828
  16            "z" 3682  13308.617188 14235.763672 10091.369141
  17           "aa" 2256  7180.812500 10825.034180 7962.943359
  18           "ae" 2292  7570.389648 12206.472656 7908.226074
  19           "ah" 2266  5641.334473 6375.418457 4365.854492
  20           "ao" 1865  6039.639648 9986.949219 6506.308105
  21           "aw"  728  3144.044189 4617.626953 3468.395508
  22           "ax" 3892  6086.990723 4970.068359 5232.046875
  23           "ay" 1934  7742.510254 10573.029297 8881.515625
  24           "ch"  820  3239.643066 3623.712158 3582.910889
  25           "cl" 2744  5168.730957 4885.812012 8911.957031
  26           "dh" 2376  5109.171875 3898.768066 4264.131836
  27           "dx" 1864  2772.197998 2882.941406 3112.902588
  28           "eh" 3277  8009.053223 9972.629883 7036.419922
  29           "el"  951  3050.074463 3794.867920 2675.010986
  30           "en"  630  1619.641235 2300.092529 1787.709106
  31           "er" 4138  11809.614258 14919.808594 10964.071289
  32           "ey" 2271  8337.242188 10688.285156 6980.116211
  33           "hh" 1660  4864.849609 4848.111816 3868.220947
  34           "ih" 4248  9073.597656 10236.683594 7843.551758
  35           "ix" 7370  11356.797852 10412.093750 10177.044922
  36           "iy" 4626  12545.836914 18374.082031 12610.497070
  37           "jh" 1013  3568.769287 3401.114990 4036.555664
  38           "ng" 1220  3337.252197 3733.886475 3371.237061
  39           "ow" 1653  5660.480469 7787.768555 5469.443848
  40           "oy"  304  1080.246216 1954.137329 1835.482910
  41           "sh" 1317  5486.832520 7547.258789 4460.793457
  42           "th"  745  2427.615723 2460.512451 2163.386963
  43           "uh"  500  1002.534912 1278.646729 833.646912
  44           "uw" 1952  5282.877441 6682.539551 5476.914062
  45           "zh"  149  617.095276 555.935059 537.490662
  46          "epi"  908  1570.427246 1335.559448 1468.643677
  47          "sil" 8283  46427.730469 46314.398438 49638.531250
  48          "vcl" 1672  2902.072266 3105.409912 4344.871582
