   1            "b" 2181  7620.875977 4226.517578 3116.430420
   2            "d" 2432  7468.798828 3701.239746 4523.523926
   3            "f" 2215  7009.410156 10317.056641 6078.688965
   4            "g" 1191  3774.033447 2552.310547 2987.418457
   5            "k" 3794  13081.569336 9634.077148 13302.007812
   6            "l" 4425  14092.885742 11034.345703 11401.627930
   7            "m" 3566  10896.982422 8937.249023 6855.511230
   8            "n" 6896  15193.336914 14822.654297 12482.579102
   9            "p" 2588  8687.078125 7240.702148 9078.981445
  10            "r" 4681  10590.958984 10112.942383 10281.531250
  11            "s" 6176  21349.998047 31981.343750 22267.304688
  12            "t" 3948  12129.061523 8560.936523 12712.759766
  13            "v" 1994  4291.236816 3815.063721 4257.748047
  14            "w" 2216  6466.364258 6651.523438 5974.293945
  15            "y"  995  2807.521240 2631.072266 2816.298340
  16            "z" 3682  12709.625977 12179.875000 11554.421875
  17           "aa" 2256  7619.334961 10997.902344 8576.176758
  18           "ae" 2292  9767.552734 11139.690430 8054.694824
  19           "ah" 2266  7157.993652 6049.192871 4723.814453
  20           "ao" 1865  7257.807617 9098.097656 6662.151855
  21           "aw"  728  3889.439697 4314.534668 3331.449463
  22           "ax" 3892  6705.028320 5430.595215 5147.371094
  23           "ay" 1934  8626.944336 9669.377930 9492.261719
  24           "ch"  820  3675.770996 3342.819092 3126.068848
  25           "cl" 2744  5066.465820 6220.214844 6353.969238
  26           "dh" 2376  5263.104980 3808.651855 3998.796875
  27           "dx" 1864  2628.243652 2381.599609 2921.132080
  28           "eh" 3277  8760.312500 10194.001953 8011.372070
  29           "el"  951  2991.698730 4203.395996 3121.941650
  30           "en"  630  1694.630127 2438.534912 1736.174072
  31           "er" 4138  12195.740234 15544.380859 12603.280273
  32           "ey" 2271  8789.482422 10435.943359 7353.304199
  33           "hh" 1660  5505.416992 3718.405273 3237.806396
  34           "ih" 4248  11203.708008 9992.776367 7646.428711
  35           "ix" 7370  13635.657227 11040.639648 9831.419922
  36           "iy" 4626  12848.180664 18803.697266 13876.522461
  37           "jh" 1013  3701.023193 3683.381592 3248.709229
  38           "ng" 1220  3528.854004 3343.844727 3319.229736
  39           "ow" 1653  6258.416504 7478.791016 5745.381348
  40           "oy"  304  2037.527344 1570.239380 1235.422241
  41           "sh" 1317  5019.324707 6751.622559 5514.515625
  42           "th"  745  2421.485840 2469.885986 2076.752930
  43           "uh"  500  1322.567871 1117.557495 835.939575
  44           "uw" 1952  5922.254395 6830.544922 4972.613770
  45           "zh"  149  650.572449 441.714111 503.786896
  46          "epi"  908  1706.559692 1416.139771 1302.967163
  47          "sil" 8283  49651.335938 39338.886719 49446.218750
  48          "vcl" 1672  3138.801758 2922.312500 3723.842773
