   1            "b" 2181  7121.418945 4346.655762 3142.459717
   2            "d" 2432  6875.487793 3520.061279 4912.907715
   3            "f" 2215  6385.140625 10781.873047 6833.170410
   4            "g" 1191  3595.823486 2136.777344 2462.289307
   5            "k" 3794  12419.784180 7227.309570 15697.156250
   6            "l" 4425  13006.607422 10866.275391 8934.626953
   7            "m" 3566  12406.247070 7607.377930 5778.945312
   8            "n" 6896  17020.248047 12821.922852 11024.578125
   9            "p" 2588  8498.362305 7215.315430 9759.090820
  10            "r" 4681  9856.641602 10647.939453 9909.785156
  11            "s" 6176  17822.224609 39841.683594 20161.951172
  12            "t" 3948  11377.699219 7229.174316 15370.496094
  13            "v" 1994  3533.221924 4134.497559 4287.211914
  14            "w" 2216  5954.629395 5802.204102 5330.337891
  15            "y"  995  2174.087646 2554.904053 2692.266602
  16            "z" 3682  11617.835938 14826.848633 11692.553711
  17           "aa" 2256  6626.729492 14768.851562 7037.507812
  18           "ae" 2292  7703.317871 15168.376953 8042.579102
  19           "ah" 2266  7980.011719 5996.864258 4731.439941
  20           "ao" 1865  6410.602539 11475.574219 5168.217773
  21           "aw"  728  2865.867188 5643.622070 3060.392578
  22           "ax" 3892  6367.522949 6705.373047 4729.233887
  23           "ay" 1934  6067.444824 14613.713867 8434.819336
  24           "ch"  820  3467.582520 3804.558594 2772.365479
  25           "cl" 2744  4273.101562 7398.368164 5801.955566
  26           "dh" 2376  5249.777832 3893.081055 3031.074463
  27           "dx" 1864  2347.616943 2471.727295 2246.199463
  28           "eh" 3277  7773.181152 12567.850586 8933.261719
  29           "el"  951  2458.121826 4428.861816 2500.416016
  30           "en"  630  1552.838745 2423.406982 1358.750244
  31           "er" 4138  8882.208984 20072.796875 11200.028320
  32           "ey" 2271  6948.040039 12771.388672 7004.632324
  33           "hh" 1660  5956.124023 2726.760010 2735.844482
  34           "ih" 4248  12662.524414 9650.310547 7617.027832
  35           "ix" 7370  12336.867188 12730.524414 10182.432617
  36           "iy" 4626  9778.371094 20319.568359 12424.638672
  37           "jh" 1013  2930.936523 3992.194092 3295.621094
  38           "ng" 1220  3119.706543 3341.186768 2574.795654
  39           "ow" 1653  6593.146484 8698.874023 4317.555176
  40           "oy"  304  2053.143066 1452.945923 1152.307007
  41           "sh" 1317  4943.701660 7825.694824 4890.807617
  42           "th"  745  2241.621582 2860.301270 1679.962769
  43           "uh"  500  1491.557861 1082.473022 725.674438
  44           "uw" 1952  4221.101074 8354.677734 4064.202148
  45           "zh"  149  538.638611 516.805359 494.298767
  46          "epi"  908  1750.698608 1404.112549 1508.202637
  47          "sil" 8283  56583.699219 58198.710938 31018.158203
  48          "vcl" 1672  2548.459473 3509.576416 3278.540283
