   1            "b" 2181  10778.785156 3970.051025 3388.434326
   2            "d" 2432  9161.942383 3469.176270 2957.659424
   3            "f" 2215  10367.480469 6829.054199 4763.169922
   4            "g" 1191  4493.226562 1528.762817 1542.577026
   5            "k" 3794  25840.873047 5722.657715 5208.158203
   6            "l" 4425  22217.433594 21596.207031 11793.086914
   7            "m" 3566  9864.000000 13900.239258 12070.866211
   8            "n" 6896  23563.460938 17151.101562 13853.308594
   9            "p" 2588  20520.408203 4056.249023 3582.254150
  10            "r" 4681  7602.760254 9072.241211 12029.580078
  11            "s" 6176  47376.070312 15674.110352 10795.283203
  12            "t" 3948  25906.044922 6319.158203 5653.551270
  13            "v" 1994  6590.808105 4540.455566 3809.525391
  14            "w" 2216  6818.277344 4266.713867 5082.015625
  15            "y"  995  1803.364624 2625.342285 7706.030762
  16            "z" 3682  25463.330078 7618.513672 6091.872070
  17           "aa" 2256  3996.691650 4859.619141 7275.096191
  18           "ae" 2292  5818.172363 6751.107910 5544.967285
  19           "ah" 2266  3703.254639 3643.519775 3563.975830
  20           "ao" 1865  7436.768066 16688.617188 8291.070312
  21           "aw"  728  2864.359131 5897.079590 5838.082520
  22           "ax" 3892  5173.750000 4682.369141 4884.655762
  23           "ay" 1934  8505.033203 11807.689453 7938.684082
  24           "ch"  820  4603.167969 2346.932129 2929.666748
  25           "cl" 2744  5475.521973 5218.426758 8159.149414
  26           "dh" 2376  5598.619629 3417.767822 4441.197754
  27           "dx" 1864  14309.811523 4355.004883 2978.154297
  28           "eh" 3277  5590.030273 5384.239746 5019.781250
  29           "el"  951  2759.927979 2409.654785 2383.648926
  30           "en"  630  1461.505493 1523.328735 1826.240234
  31           "er" 4138  10890.956055 9245.281250 7785.078613
  32           "ey" 2271  5262.242676 6698.153320 6062.235840
  33           "hh" 1660  4350.029785 4140.953613 14011.422852
  34           "ih" 4248  6003.177734 5994.926270 6302.790039
  35           "ix" 7370  9303.660156 8982.262695 8839.309570
  36           "iy" 4626  13300.862305 13277.498047 9275.741211
  37           "jh" 1013  2973.093750 2863.381104 2736.522949
  38           "ng" 1220  12004.626953 3457.837158 2564.814941
  39           "ow" 1653  6577.859375 7116.129395 4209.636719
  40           "oy"  304  940.088440 1546.804443 2495.657471
  41           "sh" 1317  7383.712402 5896.159668 4159.388184
  42           "th"  745  2328.978760 1367.115356 1173.427490
  43           "uh"  500  806.029297 737.000183 743.196472
  44           "uw" 1952  3213.392334 3927.174072 4787.839844
  45           "zh"  149  2258.731689 784.578125 454.754150
  46          "epi"  908  1361.454590 1255.415405 1247.795410
  47          "sil" 8283  98904.343750 25885.164062 24343.632812
  48          "vcl" 1672  2291.748291 2330.629150 3556.837158
