   1            "b" 2181  7960.126465 4410.573730 4495.349121
   2            "d" 2432  7711.522461 4208.934570 4678.344727
   3            "f" 2215  7351.385254 10023.878906 6087.644531
   4            "g" 1191  4204.867188 2391.192383 3179.792236
   5            "k" 3794  14919.248047 10457.231445 12832.706055
   6            "l" 4425  12244.731445 10648.872070 11337.048828
   7            "m" 3566  8988.263672 10333.366211 8740.710938
   8            "n" 6896  14131.988281 13470.481445 16589.652344
   9            "p" 2588  12249.222656 6954.946777 7239.666992
  10            "r" 4681  9797.687500 9588.890625 10546.981445
  11            "s" 6176  26903.886719 31087.130859 16624.455078
  12            "t" 3948  13487.611328 9868.931641 11500.739258
  13            "v" 1994  3955.901611 4395.662109 4824.846191
  14            "w" 2216  6594.382812 6312.790039 5813.372070
  15            "y"  995  2762.629395 2476.973389 2941.509033
  16            "z" 3682  13495.437500 14622.967773 9484.240234
  17           "aa" 2256  6948.942871 11216.892578 7842.360840
  18           "ae" 2292  7417.567383 12578.231445 7826.333008
  19           "ah" 2266  5559.333008 6581.274414 4407.704102
  20           "ao" 1865  5943.156250 10292.570312 6441.338867
  21           "aw"  728  2986.606689 4814.194824 3475.007568
  22           "ax" 3892  6086.813477 5032.321289 5361.402344
  23           "ay" 1934  7540.342773 11132.926758 8592.862305
  24           "ch"  820  3119.691650 3683.318115 3558.843994
  25           "cl" 2744  5048.946289 4913.371094 8938.170898
  26           "dh" 2376  5167.875000 3850.058105 4243.888672
  27           "dx" 1864  2658.378174 2801.340088 3109.135010
  28           "eh" 3277  8094.854980 10140.480469 7058.350586
  29           "el"  951  2983.208008 3771.011230 2738.244385
  30           "en"  630  1551.430298 2365.830811 1756.266724
  31           "er" 4138  11863.966797 15126.865234 10861.108398
  32           "ey" 2271  8162.894531 10808.112305 6958.862793
  33           "hh" 1660  4803.705566 4808.616699 3884.102783
  34           "ih" 4248  9152.524414 10352.291016 7865.269043
  35           "ix" 7370  11501.314453 10652.054688 10261.856445
  36           "iy" 4626  12380.395508 18714.271484 12511.504883
  37           "jh" 1013  3447.899658 3404.633301 3918.662598
  38           "ng" 1220  3226.806885 3740.432129 3426.930176
  39           "ow" 1653  5716.865723 7906.021484 5528.010742
  40           "oy"  304  1085.586060 1933.179443 1871.717285
  41           "sh" 1317  5415.630859 7706.284180 4278.716797
  42           "th"  745  2404.367188 2519.354980 2126.878906
  43           "uh"  500  1002.635864 1306.096558 832.509399
  44           "uw" 1952  5220.384277 6646.822266 5361.803711
  45           "zh"  149  604.513306 551.533203 534.731445
  46          "epi"  908  1513.270752 1339.536743 1466.506592
  47          "sil" 8283  47629.550781 44857.042969 50790.976562
  48          "vcl" 1672  2916.641846 3082.603271 4278.098145
