   1            "b" 2181  6533.907715 6533.994629 6533.914062
   2            "d" 2432  7353.195312 7353.200684 7353.240723
   3            "f" 2215  6722.288086 6722.317383 6722.320801
   4            "g" 1191  3543.165527 3543.135254 3543.149170
   5            "k" 3794  11337.795898 11337.855469 11337.729492
   6            "l" 4425  13358.709961 13358.747070 13358.706055
   7            "m" 3566  10547.261719 10547.376953 10547.229492
   8            "n" 6896  20450.093750 20450.154297 20449.857422
   9            "p" 2588  7683.256836 7683.416992 7683.298340
  10            "r" 4681  13920.368164 13920.436523 13920.265625
  11            "s" 6176  18576.287109 18576.201172 18576.585938
  12            "t" 3948  11861.494141 11861.461914 11861.521484
  13            "v" 1994  5927.067383 5927.068848 5927.039062
  14            "w" 2216  6641.246094 6641.339844 6641.274414
  15            "y"  995  2974.531250 2974.518555 2974.515381
  16            "z" 3682  11100.340820 11100.329102 11100.345703
  17           "aa" 2256  6775.591309 6775.527832 6775.523926
  18           "ae" 2292  6946.996582 6946.990723 6947.117188
  19           "ah" 2266  6790.987793 6791.076660 6790.928223
  20           "ao" 1865  5742.555176 5742.597168 5742.554688
  21           "aw"  728  2294.493896 2294.500488 2294.481934
  22           "ax" 3892  11465.516602 11465.561523 11465.407227
  23           "ay" 1934  5929.344238 5929.314453 5929.328125
  24           "ch"  820  2541.462891 2541.442871 2541.453857
  25           "cl" 2744  8100.024414 8100.087891 8100.125488
  26           "dh" 2376  7158.830078 7158.762695 7158.749512
  27           "dx" 1864  5442.040527 5442.009766 5442.034668
  28           "eh" 3277  9805.080078 9805.125000 9804.950195
  29           "el"  951  2831.375977 2831.382812 2831.385254
  30           "en"  630  1833.082397 1833.075806 1833.080200
  31           "er" 4138  12492.114258 12492.387695 12492.316406
  32           "ey" 2271  6877.075684 6877.081055 6877.052246
  33           "hh" 1660  5050.967773 5051.018555 5051.007812
  34           "ih" 4248  12801.364258 12801.335938 12801.467773
  35           "ix" 7370  21474.289062 21474.033203 21474.228516
  36           "iy" 4626  13974.377930 13974.414062 13974.458008
  37           "jh" 1013  3076.746826 3076.744385 3076.728027
  38           "ng" 1220  3611.428955 3611.420654 3611.414795
  39           "ow" 1653  5051.825684 5051.788086 5051.829590
  40           "oy"  304  958.617188 958.615540 958.619324
  41           "sh" 1317  3969.024902 3968.985840 3969.008789
  42           "th"  745  2256.675049 2256.707520 2256.701172
  43           "uh"  500  1534.317017 1534.323853 1534.316284
  44           "uw" 1952  5935.998535 5935.972168 5935.931641
  45           "zh"  149  440.548645 440.546570 440.547485
  46          "epi"  908  2699.214600 2699.208008 2699.220215
  47          "sil" 8283  25467.292969 25466.869141 25467.238281
  48          "vcl" 1672  4975.332031 4975.338379 4975.333496
