   1            "b" 2181  7243.979980 4230.175293 3140.780029
   2            "d" 2432  6881.271484 3529.295410 4893.360840
   3            "f" 2215  6396.998535 10818.682617 6741.370117
   4            "g" 1191  3578.754639 2176.940430 2417.308594
   5            "k" 3794  12348.476562 7391.002441 15349.424805
   6            "l" 4425  13167.881836 10845.352539 8995.008789
   7            "m" 3566  12073.886719 7938.645020 5751.916504
   8            "n" 6896  16440.291016 13081.070312 11104.292969
   9            "p" 2588  8468.515625 7079.020996 9654.419922
  10            "r" 4681  9701.853516 10655.116211 9932.329102
  11            "s" 6176  18458.195312 39190.230469 20255.541016
  12            "t" 3948  11348.036133 7344.953125 15091.039062
  13            "v" 1994  3495.500488 4112.483398 4281.147949
  14            "w" 2216  5965.023438 5953.151367 5365.897461
  15            "y"  995  2269.385742 2555.364746 2690.409912
  16            "z" 3682  11800.352539 14667.619141 11620.136719
  17           "aa" 2256  6907.125977 14374.000977 7084.827637
  18           "ae" 2292  8041.620117 14890.900391 7955.611328
  19           "ah" 2266  7926.927734 6092.965332 4794.608398
  20           "ao" 1865  6395.437500 11323.009766 5323.261230
  21           "aw"  728  3069.516357 5472.133301 3083.030518
  22           "ax" 3892  6489.775391 6673.094238 4776.711426
  23           "ay" 1934  6296.763672 14220.668945 8558.468750
  24           "ch"  820  3502.877441 3781.510010 2796.362061
  25           "cl" 2744  4264.909668 7206.016602 5827.335938
  26           "dh" 2376  5106.986816 3934.890137 3043.050781
  27           "dx" 1864  2347.936035 2445.697266 2274.368896
  28           "eh" 3277  8000.583008 12261.997070 8826.837891
  29           "el"  951  2478.613037 4493.169434 2484.018799
  30           "en"  630  1571.875488 2418.879395 1402.689941
  31           "er" 4138  9290.428711 19529.142578 11520.338867
  32           "ey" 2271  7378.195312 12407.320312 7042.275391
  33           "hh" 1660  5877.102539 2770.018799 2727.316895
  34           "ih" 4248  12632.411133 9718.535156 7539.339844
  35           "ix" 7370  12298.050781 12929.594727 10186.230469
  36           "iy" 4626  9977.574219 20377.871094 12600.765625
  37           "jh" 1013  2998.859863 3984.680908 3274.256836
  38           "ng" 1220  3115.865723 3267.533691 2628.003662
  39           "ow" 1653  6510.695312 8816.670898 4353.587402
  40           "oy"  304  2043.030762 1453.414307 1150.392090
  41           "sh" 1317  5041.249512 7729.097656 4908.110352
  42           "th"  745  2284.161133 2890.414062 1650.194458
  43           "uh"  500  1505.554321 1093.075073 738.100647
  44           "uw" 1952  4405.779785 8354.723633 4111.318848
  45           "zh"  149  553.620789 503.924011 493.306641
  46          "epi"  908  1792.719604 1363.363525 1509.116943
  47          "sil" 8283  55329.816406 58792.324219 31427.078125
  48          "vcl" 1672  2509.847168 3429.032227 3294.444580
