   1            "b" 2181  7769.328125 4013.859863 3091.528076
   2            "d" 2432  7295.681152 3678.396973 4481.750000
   3            "f" 2215  7024.760254 10436.739258 6064.121582
   4            "g" 1191  3910.914062 2417.809326 2784.627686
   5            "k" 3794  13171.981445 9015.414062 13765.827148
   6            "l" 4425  13808.727539 11712.786133 10819.070312
   7            "m" 3566  11193.488281 8674.514648 6570.475098
   8            "n" 6896  15410.806641 14537.184570 12225.211914
   9            "p" 2588  8532.538086 7088.925293 9265.681641
  10            "r" 4681  10231.882812 10438.935547 10258.384766
  11            "s" 6176  21176.578125 33187.511719 22031.113281
  12            "t" 3948  11909.471680 8141.913574 13164.807617
  13            "v" 1994  3888.196533 3903.525879 4322.131348
  14            "w" 2216  6198.801758 6806.281250 5854.728516
  15            "y"  995  2794.500000 2693.763428 2777.015381
  16            "z" 3682  12992.654297 12995.395508 11412.950195
  17           "aa" 2256  7693.233398 10940.946289 8581.796875
  18           "ae" 2292  9721.084961 11773.478516 7686.061523
  19           "ah" 2266  7319.376953 5991.728516 4766.131348
  20           "ao" 1865  7143.335938 9314.287109 6492.836914
  21           "aw"  728  3886.927002 4237.208496 3406.113525
  22           "ax" 3892  6558.045898 5463.502930 5241.573730
  23           "ay" 1934  8043.354492 10093.422852 9712.986328
  24           "ch"  820  3793.676758 3314.823242 3074.752441
  25           "cl" 2744  5139.250977 6406.580566 6198.212891
  26           "dh" 2376  5140.837402 3836.433594 3934.516357
  27           "dx" 1864  2519.783203 2396.109375 2811.710693
  28           "eh" 3277  8552.698242 10782.952148 8112.661621
  29           "el"  951  2887.902344 4309.678711 3047.973877
  30           "en"  630  1610.476318 2505.616943 1724.940674
  31           "er" 4138  11831.747070 15769.453125 12540.463867
  32           "ey" 2271  8833.419922 10775.875000 6962.750000
  33           "hh" 1660  5278.232910 3703.906006 3269.315918
  34           "ih" 4248  11953.293945 9723.358398 7336.343262
  35           "ix" 7370  13329.155273 11230.094727 9871.766602
  36           "iy" 4626  12149.747070 19361.839844 13857.291992
  37           "jh" 1013  3753.051025 3612.385742 3255.243652
  38           "ng" 1220  3460.124512 3335.248779 3219.351074
  39           "ow" 1653  6206.532227 7672.029297 5441.520996
  40           "oy"  304  2054.552734 1548.171509 1232.539917
  41           "sh" 1317  4893.519531 6941.168457 5476.511719
  42           "th"  745  2479.135498 2520.144287 2036.235474
  43           "uh"  500  1348.590576 1095.083618 848.096985
  44           "uw" 1952  5813.988770 6806.871582 4820.276367
  45           "zh"  149  625.052917 446.905975 505.226715
  46          "epi"  908  1724.763916 1401.156372 1299.493164
  47          "sil" 8283  48944.921875 40720.777344 49741.687500
  48          "vcl" 1672  3029.572754 2944.947998 3677.481689
