   1            "b" 2181  6788.632812 4455.309570 3313.334229
   2            "d" 2432  6760.130371 3673.028320 4927.944824
   3            "f" 2215  6097.602051 10848.189453 6925.103516
   4            "g" 1191  3697.498047 2059.950684 2640.617432
   5            "k" 3794  12953.608398 6862.667480 16336.806641
   6            "l" 4425  12592.427734 9623.113281 8598.833008
   7            "m" 3566  13094.497070 6822.618652 5564.774414
   8            "n" 6896  18542.423828 12086.933594 11007.576172
   9            "p" 2588  8720.344727 7509.247559 10113.070312
  10            "r" 4681  9838.146484 10504.088867 9294.244141
  11            "s" 6176  16687.351562 41384.144531 19788.716797
  12            "t" 3948  11490.164062 6741.515137 16119.206055
  13            "v" 1994  3747.223389 4181.023926 4184.235352
  14            "w" 2216  5724.120605 5672.260742 5412.628906
  15            "y"  995  2030.214478 2569.270508 2594.502197
  16            "z" 3682  11023.863281 15356.179688 11782.702148
  17           "aa" 2256  5848.996094 16242.785156 6603.684570
  18           "ae" 2292  6715.320801 16550.203125 7800.913574
  19           "ah" 2266  8361.394531 5700.466309 4560.268555
  20           "ao" 1865  6358.057617 12259.134766 4715.658203
  21           "aw"  728  2505.636475 5984.069336 2793.139160
  22           "ax" 3892  5985.317871 6532.661133 4729.647461
  23           "ay" 1934  5423.686523 16208.241211 7666.998535
  24           "ch"  820  3578.195312 3919.764648 2588.217529
  25           "cl" 2744  4647.668457 7742.312500 5595.217285
  26           "dh" 2376  4897.463379 3732.037598 3174.214111
  27           "dx" 1864  2326.216064 2567.306641 2225.803223
  28           "eh" 3277  7174.582031 14108.761719 8719.404297
  29           "el"  951  2195.805176 4490.415039 2456.767334
  30           "en"  630  1385.187378 2612.557129 1269.528198
  31           "er" 4138  7972.018066 21122.306641 10465.204102
  32           "ey" 2271  6108.804688 13712.856445 6795.357910
  33           "hh" 1660  6080.499512 2700.627197 2717.063477
  34           "ih" 4248  12990.905273 9506.016602 7559.496094
  35           "ix" 7370  12994.305664 11852.979492 9918.538086
  36           "iy" 4626  9910.246094 20080.908203 11656.355469
  37           "jh" 1013  2936.918213 3917.226074 3318.194092
  38           "ng" 1220  3208.983154 3468.542969 2400.108643
  39           "ow" 1653  6429.535156 8749.524414 4118.677246
  40           "oy"  304  2030.711426 1602.946167 1046.903320
  41           "sh" 1317  4699.051758 8347.987305 4589.169922
  42           "th"  745  2326.804443 2874.833740 1649.598877
  43           "uh"  500  1588.624023 961.668030 740.874023
  44           "uw" 1952  3869.916748 8627.784180 3986.291260
  45           "zh"  149  485.057465 559.673523 463.608124
  46          "epi"  908  1675.897705 1447.641846 1520.645752
  47          "sil" 8283  60000.207031 57726.105469 29953.710938
  48          "vcl" 1672  2730.076904 3787.599854 3141.202637
