   1            "b" 2181  7487.829590 4182.793457 3462.119141
   2            "d" 2432  7153.081543 4013.078857 4742.490723
   3            "f" 2215  6525.276367 10214.213867 6926.801758
   4            "g" 1191  3882.750000 2095.296143 2662.274414
   5            "k" 3794  14313.080078 7184.441406 16115.099609
   6            "l" 4425  11788.449219 8917.505859 6376.361816
   7            "m" 3566  12151.490234 5531.708496 6194.497559
   8            "n" 6896  18057.888672 9927.284180 10728.474609
   9            "p" 2588  9857.582031 6888.686523 10578.565430
  10            "r" 4681  10195.859375 12018.667969 6630.992188
  11            "s" 6176  16539.322266 39767.964844 19750.251953
  12            "t" 3948  12617.283203 7543.565918 15634.221680
  13            "v" 1994  3569.288574 3958.999756 4278.302734
  14            "w" 2216  6449.088379 5006.614746 5196.121582
  15            "y"  995  1942.635376 2775.200928 2115.122070
  16            "z" 3682  11028.522461 14760.791016 11044.000000
  17           "aa" 2256  5518.558105 17516.513672 5513.471680
  18           "ae" 2292  5982.491211 18788.066406 6593.730957
  19           "ah" 2266  9367.246094 5347.725098 3999.580322
  20           "ao" 1865  5931.286133 12565.110352 3910.128418
  21           "aw"  728  2930.156982 5809.449219 2291.200684
  22           "ax" 3892  7906.308594 5105.825684 5310.072754
  23           "ay" 1934  4785.253906 18961.708984 5838.511230
  24           "ch"  820  3458.062988 4125.249512 2700.388184
  25           "cl" 2744  5980.064941 8125.936035 5444.855957
  26           "dh" 2376  4249.423828 3415.798828 3192.633789
  27           "dx" 1864  2348.168945 2651.278564 2208.270996
  28           "eh" 3277  7247.002930 16316.939453 7645.347656
  29           "el"  951  2639.151855 3689.208740 2558.883301
  30           "en"  630  1728.712402 2109.933594 1205.507446
  31           "er" 4138  10319.850586 19310.753906 9918.677734
  32           "ey" 2271  6593.395020 14502.109375 6369.888672
  33           "hh" 1660  6222.973145 2548.277344 2681.126465
  34           "ih" 4248  15191.766602 8630.610352 6667.682129
  35           "ix" 7370  15759.583008 9880.229492 10284.342773
  36           "iy" 4626  12916.725586 18383.017578 10493.376953
  37           "jh" 1013  3105.106934 3834.724854 3327.628906
  38           "ng" 1220  3608.712158 2652.037842 2037.168579
  39           "ow" 1653  6721.005371 9150.578125 3826.410400
  40           "oy"  304  1933.320190 2088.009766 821.387024
  41           "sh" 1317  3949.547363 8314.349609 4785.639160
  42           "th"  745  2423.344971 2915.478271 1617.585693
  43           "uh"  500  1754.517212 761.293884 817.890747
  44           "uw" 1952  5257.273926 8099.430176 3936.709473
  45           "zh"  149  505.022430 556.587830 429.842590
  46          "epi"  908  1679.489136 1589.173218 1306.175781
  47          "sil" 8283  63786.425781 60740.390625 26403.802734
  48          "vcl" 1672  3567.201660 3348.606445 2701.113037
