   1            "b" 2181  7664.583984 4015.261475 3056.464600
   2            "d" 2432  7204.512207 3614.428955 4599.958984
   3            "f" 2215  6805.067871 10671.387695 6108.248047
   4            "g" 1191  3669.861328 2282.816895 2730.990234
   5            "k" 3794  13198.320312 8384.294922 14212.738281
   6            "l" 4425  14153.780273 11600.802734 9558.637695
   7            "m" 3566  11052.658203 8801.403320 6134.149902
   8            "n" 6896  15783.703125 13801.212891 12124.710938
   9            "p" 2588  8610.867188 6829.750977 9431.088867
  10            "r" 4681  9945.915039 10630.631836 10246.312500
  11            "s" 6176  19921.724609 35749.234375 21223.132812
  12            "t" 3948  12038.003906 7174.708984 14326.259766
  13            "v" 1994  3611.018799 3996.681396 4499.513184
  14            "w" 2216  5655.648926 6812.903809 5524.357910
  15            "y"  995  2720.904541 2730.244385 2699.866699
  16            "z" 3682  12760.817383 13910.640625 11305.252930
  17           "aa" 2256  7370.332031 11931.998047 8101.684082
  18           "ae" 2292  9356.722656 12668.589844 7561.366699
  19           "ah" 2266  7275.488281 6502.750000 4532.082031
  20           "ao" 1865  6890.915039 9803.181641 6215.802246
  21           "aw"  728  3645.492920 4461.319824 3347.204590
  22           "ax" 3892  6622.428711 5766.212402 4925.009277
  23           "ay" 1934  7291.619629 11127.600586 9734.632812
  24           "ch"  820  3848.420898 3447.616211 2834.954590
  25           "cl" 2744  5028.821289 6282.074707 6224.033203
  26           "dh" 2376  5096.318359 3979.234131 3655.693848
  27           "dx" 1864  2391.797363 2316.676514 2728.173340
  28           "eh" 3277  8311.923828 10806.513672 8604.129883
  29           "el"  951  2522.021240 4465.772949 2980.703857
  30           "en"  630  1551.284424 2495.842773 1646.035767
  31           "er" 4138  10993.312500 16780.859375 12453.605469
  32           "ey" 2271  8651.932617 11160.304688 6828.235352
  33           "hh" 1660  5596.437012 3238.079590 3227.804932
  34           "ih" 4248  12783.202148 9512.611328 7196.897949
  35           "ix" 7370  13122.482422 11934.640625 9718.585938
  36           "iy" 4626  11236.612305 20453.587891 13509.326172
  37           "jh" 1013  3514.950195 3598.728516 3327.963135
  38           "ng" 1220  3219.538086 3259.473389 3037.212402
  39           "ow" 1653  6298.254883 8032.376953 5001.928711
  40           "oy"  304  1973.811523 1528.096924 1186.933838
  41           "sh" 1317  5321.972168 7192.542969 4921.092773
  42           "th"  745  2529.424316 2599.011719 1899.257690
  43           "uh"  500  1434.054199 1104.097656 791.977295
  44           "uw" 1952  5363.236328 7287.797852 4789.576660
  45           "zh"  149  571.037048 480.675537 516.736633
  46          "epi"  908  1765.633667 1354.122437 1283.127075
  47          "sil" 8283  52421.761719 48483.945312 40941.433594
  48          "vcl" 1672  2734.730225 2957.666992 3763.827881
