   1            "b" 2181  7123.302246 4047.947510 3590.266602
   2            "d" 2432  6876.819336 3901.074463 4798.994141
   3            "f" 2215  6279.591309 10742.304688 6851.045410
   4            "g" 1191  3795.744873 2035.931030 2652.478760
   5            "k" 3794  14064.390625 7068.527832 16161.994141
   6            "l" 4425  11560.404297 9352.691406 6212.299805
   7            "m" 3566  12743.067383 5591.445312 5598.418457
   8            "n" 6896  18714.259766 9969.879883 10381.856445
   9            "p" 2588  9569.670898 6818.620117 10631.768555
  10            "r" 4681  9917.574219 12652.101562 6558.252441
  11            "s" 6176  16327.015625 40698.906250 19705.126953
  12            "t" 3948  12270.472656 7353.121094 15848.878906
  13            "v" 1994  3643.338623 3972.765381 4131.439941
  14            "w" 2216  6004.330566 5198.805664 5424.626953
  15            "y"  995  1889.217285 2891.784912 2268.401611
  16            "z" 3682  10986.601562 15278.944336 11000.467773
  17           "aa" 2256  5240.243164 17918.478516 5499.604980
  18           "ae" 2292  5726.111816 19125.369141 6578.387695
  19           "ah" 2266  9271.955078 5318.719238 3942.930176
  20           "ao" 1865  6007.034180 12972.469727 3820.716309
  21           "aw"  728  2559.177979 6161.028809 2242.204102
  22           "ax" 3892  7655.107422 5242.402832 5169.238770
  23           "ay" 1934  4519.608887 19211.333984 5842.830566
  24           "ch"  820  3434.328369 4134.220703 2700.727051
  25           "cl" 2744  5719.041992 8244.197266 5425.880859
  26           "dh" 2376  4042.226074 3492.489502 3232.932617
  27           "dx" 1864  2302.074951 2671.959961 2183.483643
  28           "eh" 3277  6835.887695 16790.695312 7589.988770
  29           "el"  951  2523.695801 3972.268555 2480.848145
  30           "en"  630  1608.869629 2298.274170 1170.476807
  31           "er" 4138  9015.664062 20838.916016 9824.192383
  32           "ey" 2271  5799.606445 15221.496094 6226.298340
  33           "hh" 1660  6226.780762 2598.325439 2595.604004
  34           "ih" 4248  15073.087891 8607.718750 6645.914062
  35           "ix" 7370  15372.635742 10208.797852 10062.303711
  36           "iy" 4626  11667.577148 19899.791016 10141.853516
  37           "jh" 1013  3013.812744 3777.036865 3456.632080
  38           "ng" 1220  3636.284668 2808.625732 2074.616455
  39           "ow" 1653  6255.638184 9660.947266 3740.025391
  40           "oy"  304  2004.570312 2035.360107 814.252075
  41           "sh" 1317  3912.979004 8542.076172 4720.424805
  42           "th"  745  2360.705078 3027.322754 1554.120361
  43           "uh"  500  1726.237061 764.217102 785.897522
  44           "uw" 1952  4917.610352 8492.604492 3821.615967
  45           "zh"  149  499.069122 565.553162 444.147186
  46          "epi"  908  1624.996338 1595.175049 1319.662598
  47          "sil" 8283  63791.199219 61397.777344 25827.466797
  48          "vcl" 1672  3212.365479 3813.941406 2764.185059
