   1            "b" 2181  8562.067383 2791.394531 4365.578125
   2            "d" 2432  8084.922363 3478.082275 4170.889648
   3            "f" 2215  6620.462891 10969.401367 5044.361328
   4            "g" 1191  4531.937988 1845.396729 1977.910400
   5            "k" 3794  16468.546875 7613.279785 12015.392578
   6            "l" 4425  8553.904297 15308.815430 10581.834961
   7            "m" 3566  5931.313477 12462.711914 6413.359375
   8            "n" 6896  12303.049805 17487.535156 15230.947266
   9            "p" 2588  13134.856445 4594.798340 6841.123535
  10            "r" 4681  9155.930664 7892.871582 11585.740234
  11            "s" 6176  33700.484375 25907.742188 13198.815430
  12            "t" 3948  14470.800781 9096.329102 10931.885742
  13            "v" 1994  2586.571045 3540.251709 6577.087402
  14            "w" 2216  5877.350098 4664.598145 5347.278809
  15            "y"  995  2067.522217 2236.136230 3578.510986
  16            "z" 3682  11078.414062 16621.507812 8181.249512
  17           "aa" 2256  5198.887207 16910.906250 5577.353027
  18           "ae" 2292  5722.256348 17566.007812 5927.717285
  19           "ah" 2266  4429.002930 9462.462891 4307.916504
  20           "ao" 1865  5321.027832 14792.705078 4211.032715
  21           "aw"  728  2188.730469 6139.416992 2634.493408
  22           "ax" 3892  5093.986816 6474.477539 5999.480469
  23           "ay" 1934  5273.956055 17295.205078 6655.305664
  24           "ch"  820  3067.258789 3531.091797 3446.595703
  25           "cl" 2744  4205.266113 5296.103027 9622.201172
  26           "dh" 2376  4640.853027 3278.776367 3838.825439
  27           "dx" 1864  2363.092529 2356.674316 3922.169678
  28           "eh" 3277  6686.347656 14444.931641 6116.258789
  29           "el"  951  2128.574463 4832.842773 2624.984131
  30           "en"  630  1403.878174 2687.666992 1751.651978
  31           "er" 4138  8630.285156 23502.669922 9349.276367
  32           "ey" 2271  5739.281250 15203.655273 6116.650879
  33           "hh" 1660  4105.920898 4395.459473 3617.583008
  34           "ih" 4248  7076.452148 13336.465820 8464.532227
  35           "ix" 7370  9652.147461 12745.960938 11978.596680
  36           "iy" 4626  9466.554688 23448.939453 11184.990234
  37           "jh" 1013  3234.916992 2480.058838 4094.223633
  38           "ng" 1220  3298.967773 4508.434570 2812.552734
  39           "ow" 1653  4433.711914 11759.005859 4279.000488
  40           "oy"  304  1175.584961 2485.602539 1628.452148
  41           "sh" 1317  4122.317871 8707.302734 3610.908203
  42           "th"  745  2160.499756 2308.441895 2059.282227
  43           "uh"  500  803.350037 1527.196167 825.435425
  44           "uw" 1952  3485.256836 8434.960938 5602.162598
  45           "zh"  149  383.189850 606.279053 499.785736
  46          "epi"  908  1143.589844 1234.081421 1780.285889
  47          "sil" 8283  61127.167969 53302.277344 31553.083984
  48          "vcl" 1672  2289.788330 2911.523193 5029.021484
