   1            "b" 2181  7989.966797 4502.400391 4458.577637
   2            "d" 2432  7721.866699 4238.600586 4668.567383
   3            "f" 2215  7345.294434 9966.987305 6174.099121
   4            "g" 1191  4161.525879 2469.887939 3222.804199
   5            "k" 3794  14861.312500 10669.111328 12773.975586
   6            "l" 4425  12257.358398 10792.292969 11187.431641
   7            "m" 3566  8899.676758 10406.250000 8781.696289
   8            "n" 6896  14118.127930 13483.062500 16475.189453
   9            "p" 2588  12268.132812 6929.408691 7278.970215
  10            "r" 4681  9737.173828 9626.337891 10543.146484
  11            "s" 6176  26567.384766 31325.603516 16809.179688
  12            "t" 3948  13548.881836 9957.081055 11458.174805
  13            "v" 1994  4035.191895 4411.301758 4803.874023
  14            "w" 2216  6573.490234 6315.914551 5815.895508
  15            "y"  995  2786.639160 2519.505371 2909.398682
  16            "z" 3682  13427.468750 14528.588867 9639.814453
  17           "aa" 2256  7067.767578 11131.381836 7821.926270
  18           "ae" 2292  7465.418945 12542.887695 7815.190430
  19           "ah" 2266  5585.681152 6512.844238 4387.878906
  20           "ao" 1865  5979.983398 10225.420898 6460.154297
  21           "aw"  728  3024.271729 4741.423340 3491.798584
  22           "ax" 3892  6070.929688 5019.669434 5339.807129
  23           "ay" 1934  7588.108398 10963.176758 8701.235352
  24           "ch"  820  3170.051514 3647.345215 3556.779541
  25           "cl" 2744  5076.438965 4893.279297 8922.053711
  26           "dh" 2376  5176.160645 3848.624512 4262.120605
  27           "dx" 1864  2690.129639 2823.252686 3079.355225
  28           "eh" 3277  7995.983887 10188.017578 7030.353027
  29           "el"  951  3007.031006 3780.031982 2705.258789
  30           "en"  630  1580.000366 2335.168701 1763.803101
  31           "er" 4138  11866.200195 15073.327148 10889.456055
  32           "ey" 2271  8276.939453 10697.488281 7019.150391
  33           "hh" 1660  4868.634766 4791.537598 3860.534424
  34           "ih" 4248  9137.109375 10264.116211 7913.451660
  35           "ix" 7370  11500.724609 10553.009766 10233.741211
  36           "iy" 4626  12493.586914 18640.236328 12425.944336
  37           "jh" 1013  3496.914062 3403.996094 3986.802246
  38           "ng" 1220  3240.360840 3756.157227 3388.412109
  39           "ow" 1653  5717.590820 7819.390625 5526.439941
  40           "oy"  304  1080.908447 1945.599487 1851.501099
  41           "sh" 1317  5447.538086 7672.264648 4322.919434
  42           "th"  745  2403.467529 2502.849121 2134.586670
  43           "uh"  500  1002.479004 1297.551025 827.876709
  44           "uw" 1952  5266.443848 6694.410156 5437.740723
  45           "zh"  149  613.573425 552.747375 537.298645
  46          "epi"  908  1540.005737 1336.315796 1462.238647
  47          "sil" 8283  46938.484375 45144.914062 50753.328125
  48          "vcl" 1672  2932.521729 3113.369873 4257.783691
