   1            "b" 2181  7602.852051 4269.736328 3135.501709
   2            "d" 2432  7444.250488 3724.076904 4498.604980
   3            "f" 2215  7012.693359 10279.357422 6095.338867
   4            "g" 1191  3758.861084 2559.736084 3015.110840
   5            "k" 3794  13090.293945 9633.937500 13273.269531
   6            "l" 4425  14136.768555 11002.950195 11429.115234
   7            "m" 3566  10874.306641 8980.120117 6880.241699
   8            "n" 6896  15154.767578 14940.018555 12439.877930
   9            "p" 2588  8781.168945 7212.495117 9060.362305
  10            "r" 4681  10655.747070 10070.278320 10253.420898
  11            "s" 6176  21352.888672 32117.507812 22098.326172
  12            "t" 3948  12141.033203 8584.090820 12645.922852
  13            "v" 1994  4321.816406 3812.574219 4251.762695
  14            "w" 2216  6429.097656 6664.515137 5978.970703
  15            "y"  995  2813.656494 2629.017822 2823.742920
  16            "z" 3682  12677.862305 12169.798828 11513.327148
  17           "aa" 2256  7662.917969 10975.688477 8520.458008
  18           "ae" 2292  9770.735352 11050.150391 8089.914062
  19           "ah" 2266  7124.450684 6086.442383 4710.938477
  20           "ao" 1865  7214.203125 9109.318359 6650.208984
  21           "aw"  728  3884.212646 4329.600586 3322.777832
  22           "ax" 3892  6710.549805 5406.476074 5174.483398
  23           "ay" 1934  8700.078125 9637.654297 9447.127930
  24           "ch"  820  3648.953369 3354.173828 3130.943604
  25           "cl" 2744  5079.312012 6209.181152 6357.857422
  26           "dh" 2376  5237.985352 3806.592773 4004.630127
  27           "dx" 1864  2636.641357 2361.775391 2944.875244
  28           "eh" 3277  8712.186523 10150.990234 8064.377930
  29           "el"  951  3004.847168 4196.892090 3127.667480
  30           "en"  630  1705.416504 2421.625488 1745.275024
  31           "er" 4138  12298.552734 15548.311523 12489.421875
  32           "ey" 2271  8778.724609 10412.094727 7375.060059
  33           "hh" 1660  5534.774902 3726.625732 3213.753418
  34           "ih" 4248  11220.856445 9955.078125 7648.003906
  35           "ix" 7370  13680.328125 11035.158203 9816.634766
  36           "iy" 4626  12931.497070 18778.955078 13784.180664
  37           "jh" 1013  3710.396973 3689.962158 3249.432861
  38           "ng" 1220  3528.616699 3357.366943 3322.034668
  39           "ow" 1653  6260.007324 7498.234863 5733.944824
  40           "oy"  304  2035.526123 1561.315308 1241.741211
  41           "sh" 1317  5024.491699 6798.647461 5479.178711
  42           "th"  745  2412.926758 2470.462646 2084.703613
  43           "uh"  500  1321.654053 1121.276001 849.662964
  44           "uw" 1952  5962.326172 6803.944824 4957.260254
  45           "zh"  149  653.232849 440.878876 505.867493
  46          "epi"  908  1696.037476 1425.350708 1301.323242
  47          "sil" 8283  49697.894531 39253.546875 49575.750000
  48          "vcl" 1672  3173.069092 2913.748535 3710.299805
