   1            "b" 2181  7726.965332 3970.722168 3062.205566
   2            "d" 2432  7188.223145 3587.722412 4621.743164
   3            "f" 2215  6889.833496 10517.662109 6064.012207
   4            "g" 1191  3706.211670 2336.039307 2730.987061
   5            "k" 3794  13336.165039 8516.338867 14041.634766
   6            "l" 4425  14102.136719 11652.380859 9735.605469
   7            "m" 3566  11114.919922 8680.232422 6253.753418
   8            "n" 6896  15702.336914 14033.132812 12156.103516
   9            "p" 2588  8531.853516 6918.619141 9389.684570
  10            "r" 4681  10029.019531 10533.634766 10250.744141
  11            "s" 6176  20261.912109 34934.445312 21524.535156
  12            "t" 3948  11934.940430 7371.119629 14001.329102
  13            "v" 1994  3613.140381 3993.775391 4521.616699
  14            "w" 2216  5681.240723 6762.048340 5617.328125
  15            "y"  995  2799.491943 2737.919678 2690.293701
  16            "z" 3682  12832.585938 13827.450195 11058.800781
  17           "aa" 2256  7400.474609 11613.104492 8301.166016
  18           "ae" 2292  9424.016602 12434.189453 7565.531250
  19           "ah" 2266  7331.171387 6430.735352 4580.135254
  20           "ao" 1865  6939.720703 9688.030273 6310.093750
  21           "aw"  728  3674.075684 4381.576172 3368.901855
  22           "ax" 3892  6748.671387 5636.424805 4947.305176
  23           "ay" 1934  7353.718262 10931.471680 9783.647461
  24           "ch"  820  3858.379395 3448.858643 2888.065918
  25           "cl" 2744  5099.437012 6328.557617 6215.421387
  26           "dh" 2376  5128.725098 3988.406982 3682.482666
  27           "dx" 1864  2438.041016 2332.746582 2744.907227
  28           "eh" 3277  8323.892578 10689.356445 8596.676758
  29           "el"  951  2557.714111 4466.149902 3040.456787
  30           "en"  630  1575.948730 2513.779785 1652.018188
  31           "er" 4138  11232.788086 16426.142578 12516.649414
  32           "ey" 2271  8731.296875 10994.495117 6951.465332
  33           "hh" 1660  5531.455566 3310.305908 3242.997803
  34           "ih" 4248  12710.777344 9626.242188 7173.527832
  35           "ix" 7370  13133.584961 11888.004883 9752.996094
  36           "iy" 4626  11497.376953 20134.791016 13538.386719
  37           "jh" 1013  3607.071289 3573.378418 3314.944824
  38           "ng" 1220  3286.552734 3271.974854 3090.836182
  39           "ow" 1653  6253.945312 7890.328613 5238.510742
  40           "oy"  304  2039.066772 1523.657837 1198.216064
  41           "sh" 1317  5163.544434 7237.844727 5014.864746
  42           "th"  745  2484.416992 2598.342041 1930.035767
  43           "uh"  500  1390.478882 1096.355835 809.190918
  44           "uw" 1952  5591.948730 7068.313477 4822.863281
  45           "zh"  149  581.021362 468.851868 515.911987
  46          "epi"  908  1771.545410 1367.501953 1283.193848
  47          "sil" 8283  50966.847656 46728.109375 43813.054688
  48          "vcl" 1672  2818.448242 2890.382324 3768.601318
