   1            "b" 2181  7703.738770 3988.870117 3064.771484
   2            "d" 2432  7170.915527 3606.527832 4579.791504
   3            "f" 2215  6844.497559 10597.322266 6090.769531
   4            "g" 1191  3691.649170 2313.234375 2733.810791
   5            "k" 3794  13261.808594 8486.874023 14096.854492
   6            "l" 4425  14116.104492 11652.582031 9636.649414
   7            "m" 3566  11074.000000 8727.149414 6203.673828
   8            "n" 6896  15712.182617 13926.889648 12124.902344
   9            "p" 2588  8573.465820 6868.191406 9423.244141
  10            "r" 4681  9981.720703 10586.060547 10237.655273
  11            "s" 6176  20094.595703 35267.519531 21436.560547
  12            "t" 3948  12001.706055 7277.389160 14146.757812
  13            "v" 1994  3617.790283 3968.824219 4539.679199
  14            "w" 2216  5662.976562 6778.577637 5573.274902
  15            "y"  995  2771.591309 2726.116211 2706.079346
  16            "z" 3682  12824.219727 13850.836914 11153.087891
  17           "aa" 2256  7382.206543 11757.886719 8217.286133
  18           "ae" 2292  9406.660156 12509.020508 7588.168457
  19           "ah" 2266  7292.971191 6467.946777 4551.743164
  20           "ao" 1865  6935.683105 9728.138672 6249.483398
  21           "aw"  728  3661.432861 4408.600586 3372.386719
  22           "ax" 3892  6697.864746 5691.378418 4928.878418
  23           "ay" 1934  7274.917480 11016.222656 9788.612305
  24           "ch"  820  3863.863037 3443.803955 2863.953125
  25           "cl" 2744  5067.934082 6240.577148 6234.596680
  26           "dh" 2376  5153.825195 3986.241943 3670.713135
  27           "dx" 1864  2411.515625 2323.075195 2744.326904
  28           "eh" 3277  8311.027344 10719.591797 8633.302734
  29           "el"  951  2528.234619 4467.278320 3029.604004
  30           "en"  630  1561.026245 2499.282959 1653.667847
  31           "er" 4138  11077.611328 16614.599609 12519.613281
  32           "ey" 2271  8671.032227 11068.472656 6926.502930
  33           "hh" 1660  5566.465820 3284.592285 3232.851318
  34           "ih" 4248  12754.088867 9567.448242 7187.335449
  35           "ix" 7370  13113.009766 11940.553711 9719.195312
  36           "iy" 4626  11396.875977 20272.042969 13515.431641
  37           "jh" 1013  3578.354980 3586.899170 3327.083984
  38           "ng" 1220  3249.069336 3257.825439 3083.260254
  39           "ow" 1653  6274.399902 7927.470703 5176.474121
  40           "oy"  304  2020.222412 1525.843750 1197.039917
  41           "sh" 1317  5237.888672 7218.943848 4977.579590
  42           "th"  745  2527.367676 2585.746094 1915.622681
  43           "uh"  500  1415.658691 1096.746582 799.727173
  44           "uw" 1952  5511.684082 7141.559570 4816.963867
  45           "zh"  149  576.812622 474.586060 515.340332
  46          "epi"  908  1769.164062 1364.283081 1276.124023
  47          "sil" 8283  51632.460938 47285.824219 42791.804688
  48          "vcl" 1672  2782.540771 2901.582275 3766.158203
