   1            "b" 2181  8153.083984 3457.613281 4609.860840
   2            "d" 2432  7510.977539 4100.641602 4497.418457
   3            "f" 2215  6995.599121 10254.953125 5448.839355
   4            "g" 1191  4228.735840 2014.424438 2704.562988
   5            "k" 3794  14788.921875 9414.966797 13299.831055
   6            "l" 4425  12276.122070 9948.693359 11841.965820
   7            "m" 3566  8597.553711 10989.691406 7773.336914
   8            "n" 6896  12852.814453 15731.639648 14427.066406
   9            "p" 2588  12417.256836 5900.540527 7054.102051
  10            "r" 4681  9705.241211 9174.071289 10717.885742
  11            "s" 6176  28113.968750 29994.292969 15797.788086
  12            "t" 3948  12985.619141 9216.620117 12203.842773
  13            "v" 1994  3151.730713 4022.291016 5231.314453
  14            "w" 2216  6406.110840 5509.589355 5998.561523
  15            "y"  995  2518.533447 2448.395996 2739.228516
  16            "z" 3682  11989.056641 14740.111328 9438.129883
  17           "aa" 2256  6695.870605 13596.470703 6825.651855
  18           "ae" 2292  7178.274414 14209.537109 7337.488281
  19           "ah" 2266  5681.987793 7960.557617 4416.193848
  20           "ao" 1865  6363.140137 11530.188477 5652.415527
  21           "aw"  728  2633.531006 5675.204102 3134.898438
  22           "ax" 3892  5830.870117 5716.846191 5556.225586
  23           "ay" 1934  6447.001953 13855.040039 8135.654785
  24           "ch"  820  2876.197266 3929.473633 3468.843994
  25           "cl" 2744  4390.023438 4686.834473 9078.414062
  26           "dh" 2376  4831.952637 3810.604736 3919.426270
  27           "dx" 1864  2242.406738 2612.753662 3147.123291
  28           "eh" 3277  8506.317383 11479.573242 7138.071777
  29           "el"  951  2891.329102 3923.571533 2649.523682
  30           "en"  630  1510.134644 2429.972656 1698.569946
  31           "er" 4138  11138.847656 18337.359375 9940.907227
  32           "ey" 2271  7434.186523 12738.631836 6156.811523
  33           "hh" 1660  4185.371582 5218.459961 3291.188721
  34           "ih" 4248  8885.932617 12345.501953 7701.682129
  35           "ix" 7370  11453.889648 11872.691406 10256.699219
  36           "iy" 4626  11962.139648 19329.878906 12335.503906
  37           "jh" 1013  3123.486084 3491.318604 3546.192383
  38           "ng" 1220  3282.580078 3888.583496 3174.637939
  39           "ow" 1653  5051.184082 10163.876953 4826.442383
  40           "oy"  304  1102.554810 2148.762939 1776.647461
  41           "sh" 1317  4934.223145 8161.685059 4277.588867
  42           "th"  745  2205.726318 2546.683838 2039.709473
  43           "uh"  500  939.763489 1436.031250 886.982422
  44           "uw" 1952  4962.142090 7719.948242 5110.065918
  45           "zh"  149  535.630493 548.130737 526.203430
  46          "epi"  908  1340.815674 1228.818970 1484.137573
  47          "sil" 8283  46753.128906 55669.398438 42377.300781
  48          "vcl" 1672  2473.541016 2949.579102 4505.950195
