   1            "b" 2181  7770.066406 4832.842285 4512.398438
   2            "d" 2432  7693.978027 4261.903320 4687.050781
   3            "f" 2215  7444.158691 9715.624023 6647.530273
   4            "g" 1191  4036.637695 2652.834717 3447.678711
   5            "k" 3794  14660.138672 11045.504883 12635.235352
   6            "l" 4425  12619.421875 10822.602539 11296.735352
   7            "m" 3566  9150.302734 10422.382812 8761.338867
   8            "n" 6896  14342.368164 13850.488281 15798.882812
   9            "p" 2588  12436.503906 6613.220215 7458.224121
  10            "r" 4681  9674.437500 9620.196289 10704.370117
  11            "s" 6176  25692.308594 31779.607422 17744.201172
  12            "t" 3948  13778.182617 10131.837891 11125.862305
  13            "v" 1994  4172.890625 4659.424316 4685.719238
  14            "w" 2216  6492.434570 6388.873535 5986.890137
  15            "y"  995  2847.950928 2608.416992 2850.492188
  16            "z" 3682  13201.208984 13700.834961 10531.616211
  17           "aa" 2256  7264.431152 10720.941406 7921.707520
  18           "ae" 2292  7660.749023 11800.222656 8075.860840
  19           "ah" 2266  5665.333984 6259.012207 4369.916992
  20           "ao" 1865  6212.387207 9552.037109 6629.544434
  21           "aw"  728  3210.987061 4495.961426 3474.724609
  22           "ax" 3892  5952.129883 5079.342773 5150.066406
  23           "ay" 1934  7690.003906 10736.255859 8698.193359
  24           "ch"  820  3227.880371 3684.044189 3627.708008
  25           "cl" 2744  5225.632324 4945.300781 8816.527344
  26           "dh" 2376  5162.166992 4044.473145 4402.644531
  27           "dx" 1864  2831.551514 2879.912354 3118.895264
  28           "eh" 3277  8138.677246 9925.519531 6881.326660
  29           "el"  951  3040.993652 3734.481934 2851.604004
  30           "en"  630  1689.971191 2212.021973 1790.243286
  31           "er" 4138  11840.089844 14690.869141 11129.383789
  32           "ey" 2271  8443.813477 10360.861328 7169.426758
  33           "hh" 1660  4920.184570 4941.716797 3860.279541
  34           "ih" 4248  9043.478516 9950.002930 7919.620117
  35           "ix" 7370  11170.468750 10524.479492 10272.658203
  36           "iy" 4626  12486.924805 18130.531250 13004.138672
  37           "jh" 1013  3635.032715 3450.968506 3972.728516
  38           "ng" 1220  3378.571289 3633.651123 3400.071777
  39           "ow" 1653  5634.587402 7682.254883 5488.263184
  40           "oy"  304  1110.586182 1968.023193 1785.674683
  41           "sh" 1317  5512.488281 7412.538574 4752.272949
  42           "th"  745  2453.804688 2449.841064 2168.613281
  43           "uh"  500  989.043762 1221.222168 836.664917
  44           "uw" 1952  5251.712891 6684.070312 5435.613770
  45           "zh"  149  602.642273 573.282471 517.647156
  46          "epi"  908  1604.446411 1317.192627 1500.388062
  47          "sil" 8283  47494.593750 43143.539062 50711.671875
  48          "vcl" 1672  2951.591064 3035.517334 4357.463867
