   1            "b" 2181  8000.184082 4557.596191 4442.697266
   2            "d" 2432  7724.512207 4242.568359 4685.793945
   3            "f" 2215  7304.886719 9934.482422 6297.378906
   4            "g" 1191  4124.951660 2535.479736 3265.436279
   5            "k" 3794  14852.090820 10692.693359 12820.659180
   6            "l" 4425  12267.083008 10785.759766 11197.623047
   7            "m" 3566  8893.288086 10431.168945 8788.509766
   8            "n" 6896  14007.710938 13443.037109 16418.753906
   9            "p" 2588  12331.693359 6813.553711 7325.639160
  10            "r" 4681  9679.636719 9699.871094 10525.095703
  11            "s" 6176  26510.564453 31493.876953 17170.593750
  12            "t" 3948  13646.039062 10000.826172 11412.853516
  13            "v" 1994  4088.492676 4449.696289 4826.023926
  14            "w" 2216  6526.188965 6358.542969 5852.237793
  15            "y"  995  2832.176270 2550.525879 2908.730469
  16            "z" 3682  13393.768555 14385.716797 9892.274414
  17           "aa" 2256  7142.554199 10875.842773 7931.785645
  18           "ae" 2292  7520.218750 12308.250000 7901.593750
  19           "ah" 2266  5611.745605 6421.972168 4388.444336
  20           "ao" 1865  5997.009277 10106.384766 6500.693848
  21           "aw"  728  3096.116211 4655.995117 3485.854004
  22           "ax" 3892  6028.594727 4986.247070 5275.426270
  23           "ay" 1934  7698.730957 10681.716797 8846.356445
  24           "ch"  820  3219.262939 3635.436035 3571.367920
  25           "cl" 2744  5154.149902 4852.854980 8950.420898
  26           "dh" 2376  5155.065430 3855.430664 4274.443359
  27           "dx" 1864  2743.877441 2858.916992 3098.781006
  28           "eh" 3277  8010.258301 10040.034180 7057.637695
  29           "el"  951  3043.876465 3783.779297 2688.047363
  30           "en"  630  1613.546021 2308.974609 1774.482544
  31           "er" 4138  11858.758789 14991.323242 10907.082031
  32           "ey" 2271  8321.728516 10693.008789 7004.283203
  33           "hh" 1660  4844.525879 4834.561523 3842.626221
  34           "ih" 4248  9123.736328 10251.647461 7873.311523
  35           "ix" 7370  11410.968750 10409.522461 10203.838867
  36           "iy" 4626  12521.020508 18460.103516 12528.610352
  37           "jh" 1013  3532.191650 3402.322021 4026.682373
  38           "ng" 1220  3297.875000 3742.028809 3371.455078
  39           "ow" 1653  5670.774902 7778.725098 5506.689453
  40           "oy"  304  1079.421997 1944.812866 1846.478394
  41           "sh" 1317  5479.398926 7603.758301 4381.592285
  42           "th"  745  2423.730225 2481.330322 2143.987549
  43           "uh"  500  1002.365906 1288.177124 827.689331
  44           "uw" 1952  5279.356445 6675.268066 5488.648438
  45           "zh"  149  623.648499 555.474121 537.324097
  46          "epi"  908  1562.713379 1332.962646 1462.060181
  47          "sil" 8283  46202.914062 45689.320312 50614.941406
  48          "vcl" 1672  2910.134033 3104.771973 4329.684570
