   1            "b" 2181  7518.934082 4463.009277 3301.708252
   2            "d" 2432  7118.469727 4056.768555 4759.453613
   3            "f" 2215  6526.499023 10121.927734 6911.108887
   4            "g" 1191  3856.493896 2117.531982 2679.067871
   5            "k" 3794  14186.718750 7208.186523 16243.100586
   6            "l" 4425  11868.074219 8880.147461 6431.036621
   7            "m" 3566  12182.768555 5572.724609 6148.720215
   8            "n" 6896  18100.970703 9908.659180 10649.172852
   9            "p" 2588  9800.255859 6987.771973 10663.510742
  10            "r" 4681  10341.851562 11714.619141 6648.125977
  11            "s" 6176  16493.238281 39487.789062 19664.742188
  12            "t" 3948  12600.825195 7587.493164 15563.999023
  13            "v" 1994  3608.194092 3942.383057 4312.336426
  14            "w" 2216  6459.514648 5094.309082 5077.385742
  15            "y"  995  1955.805176 2829.681396 2070.076172
  16            "z" 3682  11009.859375 14493.852539 10961.595703
  17           "aa" 2256  5573.671387 17482.519531 5557.198242
  18           "ae" 2292  6020.822266 18768.855469 6637.565430
  19           "ah" 2266  9422.177734 5386.752930 4008.319580
  20           "ao" 1865  5967.972656 12674.333008 3881.941895
  21           "aw"  728  2941.242676 5906.661133 2250.039307
  22           "ax" 3892  7986.039062 5037.827148 5269.381836
  23           "ay" 1934  4862.469727 19002.083984 5770.481934
  24           "ch"  820  3416.975342 4180.267578 2646.808350
  25           "cl" 2744  5913.696777 8073.825684 5338.657715
  26           "dh" 2376  4190.483398 3373.583008 3122.219238
  27           "dx" 1864  2347.881592 2656.473145 2214.924072
  28           "eh" 3277  7328.246582 16224.614258 7625.489746
  29           "el"  951  2641.953613 3706.271729 2551.107666
  30           "en"  630  1735.861572 2112.686035 1211.435669
  31           "er" 4138  10435.105469 19266.638672 9863.689453
  32           "ey" 2271  6569.420410 14600.791016 6367.880371
  33           "hh" 1660  6227.743164 2608.083984 2692.735107
  34           "ih" 4248  15323.666016 8742.961914 6668.756836
  35           "ix" 7370  15913.764648 9786.659180 10329.417969
  36           "iy" 4626  12864.839844 18621.546875 10461.144531
  37           "jh" 1013  3069.585205 3848.204346 3239.264160
  38           "ng" 1220  3719.850098 2570.593262 2014.638794
  39           "ow" 1653  6700.112793 9283.580078 3819.558105
  40           "oy"  304  1903.863892 2153.155273 813.442566
  41           "sh" 1317  3928.011719 8248.126953 4788.549316
  42           "th"  745  2403.261719 2907.125977 1611.733032
  43           "uh"  500  1769.777710 784.718079 821.626953
  44           "uw" 1952  5161.230469 8323.628906 3963.153076
  45           "zh"  149  508.179413 543.278564 419.838226
  46          "epi"  908  1691.529785 1570.774658 1270.504883
  47          "sil" 8283  63741.179688 61124.707031 26249.484375
  48          "vcl" 1672  3910.216064 2909.248047 2489.805420
