   1            "b" 2181  7174.393066 4612.090820 3729.112549
   2            "d" 2432  7046.002930 3941.337402 4643.548828
   3            "f" 2215  6896.127930 10055.263672 6366.767090
   4            "g" 1191  3541.755127 2470.889160 3194.708496
   5            "k" 3794  12010.405273 9484.359375 14718.972656
   6            "l" 4425  12474.196289 11148.595703 12732.945312
   7            "m" 3566  7864.127930 10080.805664 9109.869141
   8            "n" 6896  12860.579102 15013.787109 15150.034180
   9            "p" 2588  9220.508789 7138.621094 8628.943359
  10            "r" 4681  9684.672852 11260.911133 11013.242188
  11            "s" 6176  22339.582031 32671.408203 21665.451172
  12            "t" 3948  12255.468750 8083.579590 12451.113281
  13            "v" 1994  4025.355957 4361.268555 4259.853027
  14            "w" 2216  6565.154785 6450.774902 6090.271973
  15            "y"  995  2753.930664 2869.821045 2721.080078
  16            "z" 3682  13194.950195 13684.182617 10363.065430
  17           "aa" 2256  7438.556152 10692.367188 8778.263672
  18           "ae" 2292  9124.478516 11661.188477 7727.700195
  19           "ah" 2266  6111.802734 6768.695801 5142.871582
  20           "ao" 1865  6162.924316 9537.942383 6780.171875
  21           "aw"  728  3317.878174 4604.853027 3513.689209
  22           "ax" 3892  5969.331055 5526.856445 5440.252441
  23           "ay" 1934  8566.545898 9910.219727 9398.802734
  24           "ch"  820  3039.167725 3055.542480 4070.780762
  25           "cl" 2744  4950.938965 4737.865234 8385.231445
  26           "dh" 2376  4761.332031 3435.948242 4067.087402
  27           "dx" 1864  2720.256592 2190.236328 3142.582520
  28           "eh" 3277  8599.318359 10006.767578 7940.196289
  29           "el"  951  2913.110596 4291.536621 2856.366699
  30           "en"  630  1473.286865 2513.966553 1720.789551
  31           "er" 4138  12830.523438 14617.285156 12405.992188
  32           "ey" 2271  8201.992188 10645.671875 7649.686523
  33           "hh" 1660  4602.470703 4063.973145 3649.058838
  34           "ih" 4248  9358.079102 10758.419922 8743.396484
  35           "ix" 7370  11508.643555 11888.999023 10853.438477
  36           "iy" 4626  12350.474609 19375.894531 13547.907227
  37           "jh" 1013  3320.382080 3311.690674 4021.551758
  38           "ng" 1220  3296.249512 3282.510742 3548.650879
  39           "ow" 1653  5856.805176 7759.256836 5602.488770
  40           "oy"  304  1092.356689 2085.887695 1729.880859
  41           "sh" 1317  5445.674316 7271.419922 4531.789551
  42           "th"  745  2318.953125 2369.337646 2295.474365
  43           "uh"  500  1071.095337 1225.704346 1015.602295
  44           "uw" 1952  5460.772461 7017.915527 5351.298828
  45           "zh"  149  555.117798 551.693970 543.355164
  46          "epi"  908  1621.357910 1297.692261 1412.388184
  47          "sil" 8283  48320.425781 40361.085938 49951.332031
  48          "vcl" 1672  2812.188232 2518.942871 4420.474121
