   1            "b" 2181  7863.096680 4760.076660 4449.985352
   2            "d" 2432  7713.407227 4216.880371 4703.549805
   3            "f" 2215  7432.781738 9753.348633 6515.546387
   4            "g" 1191  4049.962402 2598.435791 3420.685791
   5            "k" 3794  14703.067383 10878.352539 12668.397461
   6            "l" 4425  12550.058594 10853.771484 11217.971680
   7            "m" 3566  9132.310547 10408.256836 8725.724609
   8            "n" 6896  14355.799805 13639.482422 15858.181641
   9            "p" 2588  12455.338867 6592.233398 7401.755371
  10            "r" 4681  9655.944336 9720.315430 10706.013672
  11            "s" 6176  26349.861328 31596.140625 17438.779297
  12            "t" 3948  13731.767578 10161.369141 11058.826172
  13            "v" 1994  4148.649902 4648.696777 4678.009277
  14            "w" 2216  6519.385742 6441.168457 5893.020996
  15            "y"  995  2847.508057 2590.637939 2863.781006
  16            "z" 3682  13244.477539 13954.507812 10310.110352
  17           "aa" 2256  7271.733887 10745.430664 7920.645996
  18           "ae" 2292  7634.119141 11929.579102 8043.131836
  19           "ah" 2266  5674.412109 6348.533691 4319.110840
  20           "ao" 1865  6130.808105 9717.925781 6551.666504
  21           "aw"  728  3203.358398 4499.159668 3496.302979
  22           "ax" 3892  5964.863281 5026.531250 5180.004883
  23           "ay" 1934  7756.084473 10732.303711 8724.388672
  24           "ch"  820  3237.273193 3657.827393 3605.197998
  25           "cl" 2744  5202.408203 4997.615723 8795.864258
  26           "dh" 2376  5073.810059 4026.140137 4345.523438
  27           "dx" 1864  2787.905029 2903.187744 3082.374268
  28           "eh" 3277  8134.437500 9932.117188 6900.726562
  29           "el"  951  3054.845215 3761.574219 2759.282715
  30           "en"  630  1649.005737 2251.792480 1771.650146
  31           "er" 4138  11767.228516 14827.512695 11136.210938
  32           "ey" 2271  8347.699219 10604.275391 7052.002441
  33           "hh" 1660  4883.960449 4931.098145 3864.720703
  34           "ih" 4248  9058.476562 10096.314453 7897.894043
  35           "ix" 7370  11252.858398 10456.526367 10264.581055
  36           "iy" 4626  12433.014648 18300.601562 12806.007812
  37           "jh" 1013  3619.547607 3433.284912 3976.873291
  38           "ng" 1220  3356.380371 3674.151611 3382.909912
  39           "ow" 1653  5657.148438 7752.023926 5455.126953
  40           "oy"  304  1097.219727 1956.448486 1816.404297
  41           "sh" 1317  5496.730957 7460.663574 4591.659668
  42           "th"  745  2473.231445 2424.191162 2177.065186
  43           "uh"  500  995.544373 1252.935913 833.665710
  44           "uw" 1952  5288.589844 6677.987793 5442.243652
  45           "zh"  149  613.640747 564.873535 534.843201
  46          "epi"  908  1588.958984 1323.804199 1479.310181
  47          "sil" 8283  46963.132812 45412.187500 49442.808594
  48          "vcl" 1672  2936.950195 3048.052246 4362.670898
