   1            "b" 2181  7180.048340 4594.097168 3548.939453
   2            "d" 2432  7033.319824 3523.111084 4602.178711
   3            "f" 2215  7102.333008 10475.738281 5629.761719
   4            "g" 1191  3507.166504 2381.243896 3142.609619
   5            "k" 3794  11646.212891 9380.756836 14887.199219
   6            "l" 4425  11969.187500 11676.642578 12505.631836
   7            "m" 3566  7414.272949 10111.790039 9408.201172
   8            "n" 6896  12006.422852 15533.155273 15331.633789
   9            "p" 2588  9070.487305 7118.312012 8531.866211
  10            "r" 4681  9957.520508 11150.998047 10905.945312
  11            "s" 6176  21869.179688 34294.648438 21258.343750
  12            "t" 3948  12109.248047 8047.559082 12529.695312
  13            "v" 1994  3739.251465 4230.485840 4576.505371
  14            "w" 2216  6407.476562 6443.240723 5778.382324
  15            "y"  995  2640.991455 2799.470703 2764.837646
  16            "z" 3682  13360.709961 14002.218750 10261.152344
  17           "aa" 2256  6966.948242 11300.126953 8416.002930
  18           "ae" 2292  9096.293945 12226.831055 7312.398438
  19           "ah" 2266  5883.336914 7078.570801 5228.158691
  20           "ao" 1865  6115.501465 9771.699219 6650.109375
  21           "aw"  728  3068.186768 4776.766113 3541.422119
  22           "ax" 3892  5911.487793 5543.915039 5646.576660
  23           "ay" 1934  7986.433594 10389.247070 9628.125977
  24           "ch"  820  3000.068359 3046.137451 4032.295654
  25           "cl" 2744  4883.868652 4590.174316 8458.270508
  26           "dh" 2376  4619.910156 3541.014160 4023.022949
  27           "dx" 1864  2680.835205 2263.187988 3150.230225
  28           "eh" 3277  8606.308594 10443.742188 7914.743164
  29           "el"  951  2823.343018 4360.016602 2900.174072
  30           "en"  630  1462.183960 2577.556641 1695.586670
  31           "er" 4138  12386.440430 15522.065430 12284.972656
  32           "ey" 2271  8400.564453 11036.166016 7189.492676
  33           "hh" 1660  4543.236328 3843.610352 3625.233154
  34           "ih" 4248  9181.676758 11072.904297 8793.796875
  35           "ix" 7370  11361.724609 11725.198242 11193.843750
  36           "iy" 4626  11516.744141 20464.132812 13140.912109
  37           "jh" 1013  3174.172607 3310.711426 4065.524170
  38           "ng" 1220  3111.935791 3290.577637 3588.670166
  39           "ow" 1653  5476.482422 8490.842773 5296.009277
  40           "oy"  304  977.355713 2258.795898 1691.400879
  41           "sh" 1317  5488.411621 7291.550293 4500.784668
  42           "th"  745  2293.556396 2352.597900 2346.619873
  43           "uh"  500  1055.735596 1219.630249 1024.080078
  44           "uw" 1952  5215.250977 7471.286621 5090.715332
  45           "zh"  149  505.023285 563.327271 542.081970
  46          "epi"  908  1601.715454 1323.756836 1380.578979
  47          "sil" 8283  47972.644531 44745.523438 47047.281250
  48          "vcl" 1672  2855.379883 2545.767822 4323.039062
