   1            "b" 2181  7326.666504 4550.486816 3882.824219
   2            "d" 2432  6864.580078 4185.055176 4533.507324
   3            "f" 2215  6906.627930 10100.793945 6364.857422
   4            "g" 1191  3496.382080 2502.479004 3256.381592
   5            "k" 3794  12127.660156 9651.655273 14871.938477
   6            "l" 4425  12405.885742 11209.946289 12759.943359
   7            "m" 3566  8042.988281 10386.057617 8759.451172
   8            "n" 6896  13263.969727 15326.508789 14680.400391
   9            "p" 2588  9199.875977 7258.776855 8578.993164
  10            "r" 4681  9660.098633 11137.142578 11154.326172
  11            "s" 6176  22306.234375 32639.794922 21513.386719
  12            "t" 3948  12461.227539 8061.210938 12313.132812
  13            "v" 1994  4104.480469 4379.392578 4200.829590
  14            "w" 2216  6542.532715 6406.376465 6149.699219
  15            "y"  995  2732.664307 2859.217041 2732.631104
  16            "z" 3682  13270.931641 13269.946289 10420.227539
  17           "aa" 2256  7323.547852 10651.905273 8799.210938
  18           "ae" 2292  9038.950195 11562.990234 7744.020020
  19           "ah" 2266  6091.936523 6686.307129 5145.261719
  20           "ao" 1865  6315.181152 9444.913086 6828.233887
  21           "aw"  728  3338.437500 4598.228027 3497.916748
  22           "ax" 3892  5974.022461 5554.252930 5364.455566
  23           "ay" 1934  8628.084961 9833.113281 9343.139648
  24           "ch"  820  3047.745117 3078.953125 4071.166504
  25           "cl" 2744  4946.926758 4769.339355 8299.631836
  26           "dh" 2376  4869.375000 3501.805176 4110.247070
  27           "dx" 1864  2765.075439 2203.217773 3147.875244
  28           "eh" 3277  8498.225586 9772.862305 8096.321289
  29           "el"  951  2938.930420 4231.870605 2943.333984
  30           "en"  630  1514.477783 2476.538086 1749.858154
  31           "er" 4138  13020.972656 14590.790039 12120.692383
  32           "ey" 2271  8163.157227 10547.604492 7735.650391
  33           "hh" 1660  4616.297363 4111.690430 3658.054199
  34           "ih" 4248  9316.219727 10594.344727 8717.750000
  35           "ix" 7370  11441.564453 11800.007812 10789.947266
  36           "iy" 4626  12587.627930 19069.255859 13580.916992
  37           "jh" 1013  3421.748047 3282.931641 4005.882812
  38           "ng" 1220  3212.118896 3336.831543 3566.083740
  39           "ow" 1653  5907.864258 7690.613770 5565.081543
  40           "oy"  304  1134.776978 2034.372314 1741.047852
  41           "sh" 1317  5339.509277 7315.508789 4560.385742
  42           "th"  745  2286.641113 2402.083252 2276.327393
  43           "uh"  500  1054.442505 1237.843750 1003.406006
  44           "uw" 1952  5715.199707 6848.331055 5366.420410
  45           "zh"  149  560.321167 545.869263 549.189209
  46          "epi"  908  1629.127930 1276.057129 1458.348267
  47          "sil" 8283  49427.996094 40204.531250 49072.886719
  48          "vcl" 1672  2817.813965 2568.002930 4335.912598
